2.326768e-06, 0.000354
2.326818e-06, -0.000558
2.326868e-06, 0.000479
2.326918e-06, 0.000354
2.326968e-06, -0.000641
2.327018e-06, -0.000240
2.327068e-06, -0.000116
2.327118e-06, -0.000448
2.327168e-06, 0.000175
2.327218e-06, 0.000064
2.327268e-06, -0.000586
2.327318e-06, 0.000285
2.327368e-06, 0.000534
2.327418e-06, -0.000724
2.327468e-06, -0.000199
2.327518e-06, 0.000838
2.327568e-06, -0.000890
2.327618e-06, -0.001996
2.327668e-06, -0.000171
2.327718e-06, 0.000465
2.327768e-06, -0.000558
2.327818e-06, -0.000074
2.327868e-06, 0.000202
2.327918e-06, -0.000987
2.327968e-06, -0.001180
2.328018e-06, -0.000945
2.328068e-06, -0.001056
2.328118e-06, -0.000171
2.328168e-06, -0.000199
2.328218e-06, -0.001609
2.328268e-06, -0.000641
2.328318e-06, 0.000783
2.328368e-06, -0.000655
2.328418e-06, -0.000973
2.328468e-06, 0.000645
2.328518e-06, -0.000047
2.328568e-06, -0.000835
2.328618e-06, 0.000548
2.328668e-06, 0.000092
2.328718e-06, -0.001402
2.328768e-06, -0.000420
2.328818e-06, -0.000005
2.328868e-06, -0.001001
2.328918e-06, -0.000060
2.328968e-06, 0.000672
2.329018e-06, -0.000793
2.329068e-06, -0.000697
2.329118e-06, 0.000852
2.329168e-06, 0.000437
2.329218e-06, -0.000448
2.329268e-06, -0.000337
2.329318e-06, -0.000531
2.329368e-06, -0.000461
2.329418e-06, -0.000005
2.329468e-06, -0.000572
2.329518e-06, -0.000876
2.329568e-06, 0.000216
2.329618e-06, 0.000396
2.329668e-06, -0.000627
2.329718e-06, -0.000489
2.329768e-06, 0.000341
2.329818e-06, 0.000299
2.329868e-06, 0.000354
2.329918e-06, 0.001143
2.329968e-06, 0.001239
2.330018e-06, 0.000216
2.330068e-06, -0.000088
2.330118e-06, 0.001073
2.330168e-06, 0.001751
2.330218e-06, 0.001101
2.330268e-06, 0.000977
2.330318e-06, 0.001709
2.330368e-06, 0.001875
2.330418e-06, 0.001792
2.330468e-06, 0.002235
2.330518e-06, 0.002511
2.330568e-06, 0.002829
2.330618e-06, 0.003438
2.330668e-06, 0.003410
2.330718e-06, 0.003576
2.330768e-06, 0.004751
2.330818e-06, 0.004793
2.330868e-06, 0.003839
2.330918e-06, 0.004696
2.330968e-06, 0.005802
2.331018e-06, 0.005097
2.331068e-06, 0.005429
2.331118e-06, 0.007102
2.331168e-06, 0.007351
2.331218e-06, 0.007738
2.331268e-06, 0.009508
2.331318e-06, 0.010587
2.331368e-06, 0.012329
2.331418e-06, 0.016062
2.331468e-06, 0.018593
2.331518e-06, 0.020570
2.331568e-06, 0.025022
2.331618e-06, 0.029295
2.331668e-06, 0.031839
2.331718e-06, 0.035670
2.331768e-06, 0.040399
2.331818e-06, 0.043966
2.331868e-06, 0.047589
2.331918e-06, 0.051198
2.331968e-06, 0.053687
2.332018e-06, 0.056577
2.332068e-06, 0.059840
2.332118e-06, 0.061969
2.332168e-06, 0.064030
2.332218e-06, 0.066463
2.332268e-06, 0.068454
2.332318e-06, 0.071068
2.332368e-06, 0.073861
2.332418e-06, 0.074884
2.332468e-06, 0.075686
2.332518e-06, 0.077691
2.332568e-06, 0.079074
2.332618e-06, 0.079585
2.332668e-06, 0.079986
2.332718e-06, 0.079793
2.332768e-06, 0.079848
2.332818e-06, 0.080360
2.332868e-06, 0.079544
2.332918e-06, 0.078133
2.332968e-06, 0.077580
2.333018e-06, 0.077013
2.333068e-06, 0.076474
2.333118e-06, 0.076419
2.333168e-06, 0.075645
2.333218e-06, 0.074234
2.333268e-06, 0.073280
2.333318e-06, 0.072271
2.333368e-06, 0.070805
2.333418e-06, 0.069118
2.333468e-06, 0.067210
2.333518e-06, 0.065578
2.333568e-06, 0.064016
2.333618e-06, 0.061596
2.333668e-06, 0.059259
2.333718e-06, 0.057683
2.333768e-06, 0.055443
2.333818e-06, 0.052608
2.333868e-06, 0.050686
2.333918e-06, 0.048819
2.333968e-06, 0.045833
2.334018e-06, 0.043095
2.334068e-06, 0.041076
2.334118e-06, 0.038255
2.334168e-06, 0.035269
2.334218e-06, 0.033983
2.334268e-06, 0.032572
2.334318e-06, 0.029185
2.334368e-06, 0.026004
2.334418e-06, 0.024110
2.334468e-06, 0.022146
2.334518e-06, 0.020404
2.334568e-06, 0.018828
2.334618e-06, 0.016131
2.334668e-06, 0.013601
2.334718e-06, 0.012426
2.334768e-06, 0.010932
2.334818e-06, 0.008789
2.334868e-06, 0.007323
2.334918e-06, 0.006148
2.334968e-06, 0.004945
2.335018e-06, 0.004281
2.335068e-06, 0.003286
2.335118e-06, 0.001322
2.335168e-06, 0.000313
2.335218e-06, 0.001156
2.335268e-06, 0.001654
2.335318e-06, 0.000783
2.335368e-06, 0.000092
2.335418e-06, 0.000036
2.335468e-06, 0.000092
2.335518e-06, 0.000589
2.335568e-06, 0.000825
2.335618e-06, 0.000105
2.335668e-06, 0.000133
2.335718e-06, 0.001654
2.335768e-06, 0.002539
2.335818e-06, 0.002415
2.335868e-06, 0.002912
2.335918e-06, 0.003673
2.335968e-06, 0.003728
2.336018e-06, 0.004019
2.336068e-06, 0.004862
2.336118e-06, 0.005526
2.336168e-06, 0.006120
2.336218e-06, 0.006687
2.336268e-06, 0.006798
2.336318e-06, 0.006881
2.336368e-06, 0.007379
2.336418e-06, 0.007669
2.336468e-06, 0.007849
2.336518e-06, 0.008623
2.336568e-06, 0.009135
2.336618e-06, 0.008540
2.336668e-06, 0.008167
2.336718e-06, 0.009107
2.336768e-06, 0.010034
2.336818e-06, 0.010006
2.336868e-06, 0.009840
2.336918e-06, 0.010199
2.336968e-06, 0.010919
2.337018e-06, 0.011402
2.337068e-06, 0.011278
2.337118e-06, 0.010988
2.337168e-06, 0.010822
2.337218e-06, 0.010476
2.337268e-06, 0.010849
2.337318e-06, 0.012260
2.337368e-06, 0.012536
2.337418e-06, 0.011389
2.337468e-06, 0.011167
2.337518e-06, 0.011638
2.337568e-06, 0.011347
2.337618e-06, 0.011084
2.337668e-06, 0.011140
2.337718e-06, 0.010932
2.337768e-06, 0.011057
2.337818e-06, 0.011154
2.337868e-06, 0.010338
2.337918e-06, 0.009674
2.337968e-06, 0.009757
2.338018e-06, 0.009508
2.338068e-06, 0.009190
2.338118e-06, 0.009232
2.338168e-06, 0.008540
2.338218e-06, 0.007614
2.338268e-06, 0.007932
2.338318e-06, 0.008250
2.338368e-06, 0.007171
2.338418e-06, 0.006452
2.338468e-06, 0.007102
2.338518e-06, 0.007019
2.338568e-06, 0.005415
2.338618e-06, 0.004558
2.338668e-06, 0.005180
2.338718e-06, 0.004779
2.338768e-06, 0.003217
2.338818e-06, 0.003369
2.338868e-06, 0.004060
2.338918e-06, 0.002511
2.338968e-06, 0.001461
2.339018e-06, 0.002691
2.339068e-06, 0.002857
2.339118e-06, 0.002083
2.339168e-06, 0.002677
2.339218e-06, 0.002622
2.339268e-06, 0.001474
2.339318e-06, 0.001599
2.339368e-06, 0.001806
2.339418e-06, 0.001212
2.339468e-06, 0.001364
2.339518e-06, 0.001087
2.339568e-06, -0.000102
2.339618e-06, 0.000188
2.339668e-06, 0.000742
2.339718e-06, -0.000406
2.339768e-06, -0.000669
2.339818e-06, 0.000714
2.339868e-06, 0.000866
2.339918e-06, 0.000119
2.339968e-06, 0.000479
2.340018e-06, 0.000714
2.340068e-06, -0.000171
2.340118e-06, -0.000475
2.340168e-06, 0.000368
2.340218e-06, 0.000576
2.340268e-06, -0.000074
2.340318e-06, -0.000060
2.340368e-06, 0.000271
2.340418e-06, -0.000171
2.340468e-06, -0.000448
2.340518e-06, 0.000023
2.340568e-06, -0.000143
2.340618e-06, -0.000862
2.340668e-06, -0.000378
2.340718e-06, 0.000271
2.340768e-06, -0.000918
2.340818e-06, -0.001554
2.340868e-06, 0.000327
2.340918e-06, 0.001018
2.340968e-06, -0.000710
2.341018e-06, -0.000724
2.341068e-06, 0.000825
2.341118e-06, 0.000437
2.341168e-06, -0.000544
2.341218e-06, -0.000060
2.341268e-06, 0.000050
2.341318e-06, -0.000420
2.341368e-06, 0.000258
2.341418e-06, 0.000949
2.341468e-06, 0.000230
2.341518e-06, -0.000282
2.341568e-06, 0.000354
2.341618e-06, 0.000728
2.341668e-06, 0.000589
2.341718e-06, 0.001032
2.341768e-06, 0.001585
2.341818e-06, 0.001626
2.341868e-06, 0.001723
2.341918e-06, 0.001281
2.341968e-06, 0.000258
2.342018e-06, 0.000617
2.342068e-06, 0.001626
2.342118e-06, 0.001129
2.342168e-06, 0.000797
2.342218e-06, 0.001626
2.342268e-06, 0.001447
2.342318e-06, 0.001101
2.342368e-06, 0.002152
2.342418e-06, 0.002705
2.342468e-06, 0.002442
2.342518e-06, 0.002608
2.342568e-06, 0.002304
2.342618e-06, 0.002346
2.342668e-06, 0.003770
2.342718e-06, 0.003590
2.342768e-06, 0.001696
2.342818e-06, 0.002083
2.342868e-06, 0.003203
2.342918e-06, 0.001848
2.342968e-06, 0.001184
2.343018e-06, 0.002456
2.343068e-06, 0.002318
2.343118e-06, 0.001488
2.343168e-06, 0.001917
2.343218e-06, 0.001848
2.343268e-06, 0.001557
2.343318e-06, 0.002346
2.343368e-06, 0.002152
2.343418e-06, 0.001474
2.343468e-06, 0.002636
2.343518e-06, 0.002733
2.343568e-06, 0.000589
2.343618e-06, 0.000852
2.343668e-06, 0.002733
2.343718e-06, 0.001571
2.343768e-06, 0.000147
2.343818e-06, 0.001613
2.343868e-06, 0.001986
2.343918e-06, 0.000382
2.343968e-06, 0.000603
2.344018e-06, 0.001571
2.344068e-06, 0.000589
2.344118e-06, -0.000130
2.344168e-06, 0.000811
2.344218e-06, 0.001143
2.344268e-06, 0.000797
2.344318e-06, 0.001226
2.344368e-06, 0.001474
2.344418e-06, 0.000963
2.344468e-06, 0.000700
2.344518e-06, 0.000783
2.344568e-06, 0.001046
2.344618e-06, 0.001626
2.344668e-06, 0.001502
2.344718e-06, 0.000631
2.344768e-06, 0.000838
2.344818e-06, 0.001958
2.344868e-06, 0.002235
2.344918e-06, 0.001862
2.344968e-06, 0.001820
2.345018e-06, 0.001668
2.345068e-06, 0.001156
2.345118e-06, 0.001239
2.345168e-06, 0.001765
2.345218e-06, 0.001447
2.345268e-06, 0.000963
2.345318e-06, 0.001668
2.345368e-06, 0.002207
2.345418e-06, 0.001419
2.345468e-06, 0.000894
2.345518e-06, 0.001239
2.345568e-06, 0.001267
2.345618e-06, 0.001156
2.345668e-06, 0.001308
2.345718e-06, 0.001433
2.345768e-06, 0.001820
2.345818e-06, 0.001917
2.345868e-06, 0.001115
2.345918e-06, 0.000714
2.345968e-06, 0.000963
2.346018e-06, 0.000755
2.346068e-06, 0.000811
2.346118e-06, 0.001557
2.346168e-06, 0.001751
2.346218e-06, 0.001322
2.346268e-06, 0.000797
2.346318e-06, 0.000299
2.346368e-06, 0.000700
2.346418e-06, 0.001779
2.346468e-06, 0.001682
2.346518e-06, 0.000797
2.346568e-06, 0.001129
2.346618e-06, 0.002069
2.346668e-06, 0.001903
2.346718e-06, 0.001654
2.346768e-06, 0.002636
2.346818e-06, 0.003383
2.346868e-06, 0.002318
2.346918e-06, 0.000880
2.346968e-06, 0.001129
2.347018e-06, 0.002650
2.347068e-06, 0.003742
2.347118e-06, 0.004378
2.347168e-06, 0.005429
2.347218e-06, 0.006701
2.347268e-06, 0.008236
2.347318e-06, 0.011057
2.347368e-06, 0.014486
2.347418e-06, 0.016643
2.347468e-06, 0.018371
2.347518e-06, 0.020791
2.347568e-06, 0.022202
2.347618e-06, 0.022271
2.347668e-06, 0.022852
2.347718e-06, 0.023695
2.347768e-06, 0.023598
2.347818e-06, 0.023073
2.347868e-06, 0.022603
2.347918e-06, 0.022644
2.347968e-06, 0.023363
2.348018e-06, 0.023571
2.348068e-06, 0.023875
2.348118e-06, 0.025589
2.348168e-06, 0.026447
2.348218e-06, 0.025852
2.348268e-06, 0.027180
2.348318e-06, 0.028880
2.348368e-06, 0.027138
2.348418e-06, 0.025410
2.348468e-06, 0.026378
2.348518e-06, 0.026198
2.348568e-06, 0.024829
2.348618e-06, 0.025327
2.348668e-06, 0.025285
2.348718e-06, 0.023529
2.348768e-06, 0.023861
2.348818e-06, 0.025603
2.348868e-06, 0.024967
2.348918e-06, 0.023612
2.348968e-06, 0.023709
2.349018e-06, 0.023059
2.349068e-06, 0.021455
2.349118e-06, 0.021082
2.349168e-06, 0.020584
2.349218e-06, 0.018510
2.349268e-06, 0.017376
2.349318e-06, 0.017805
2.349368e-06, 0.016532
2.349418e-06, 0.013601
2.349468e-06, 0.012578
2.349518e-06, 0.013034
2.349568e-06, 0.012232
2.349618e-06, 0.011029
2.349668e-06, 0.010462
2.349718e-06, 0.008900
2.349768e-06, 0.007074
2.349818e-06, 0.007102
2.349868e-06, 0.006826
2.349918e-06, 0.004655
2.349968e-06, 0.003258
2.350018e-06, 0.002843
2.350068e-06, 0.001239
2.350118e-06, 0.000230
2.350168e-06, 0.001032
2.350218e-06, 0.000617
2.350268e-06, -0.000793
2.350318e-06, -0.000420
2.350368e-06, -0.000226
2.350418e-06, -0.001899
2.350468e-06, -0.002522
2.350518e-06, -0.002107
2.350568e-06, -0.003089
2.350618e-06, -0.003586
2.350668e-06, -0.002784
2.350718e-06, -0.003628
2.350768e-06, -0.004955
2.350818e-06, -0.004153
2.350868e-06, -0.003600
2.350918e-06, -0.004610
2.350968e-06, -0.004789
2.351018e-06, -0.004499
2.351068e-06, -0.005038
2.351118e-06, -0.004803
2.351168e-06, -0.003835
2.351218e-06, -0.004236
2.351268e-06, -0.005024
2.351318e-06, -0.004527
2.351368e-06, -0.004057
2.351418e-06, -0.004665
2.351468e-06, -0.005273
2.351518e-06, -0.005260
2.351568e-06, -0.005052
2.351618e-06, -0.005232
2.351668e-06, -0.005550
2.351718e-06, -0.005163
2.351768e-06, -0.004541
2.351818e-06, -0.004706
2.351868e-06, -0.004596
2.351918e-06, -0.003421
2.351968e-06, -0.002660
2.352018e-06, -0.002840
2.352068e-06, -0.002909
2.352118e-06, -0.002812
2.352168e-06, -0.002370
2.352218e-06, -0.001554
2.352268e-06, -0.001416
2.352318e-06, -0.001139
2.352368e-06, 0.000410
2.352418e-06, 0.001115
2.352468e-06, 0.000313
2.352518e-06, 0.000258
2.352568e-06, 0.000645
2.352618e-06, 0.000493
2.352668e-06, 0.001281
2.352718e-06, 0.002456
2.352768e-06, 0.002041
2.352818e-06, 0.001391
2.352868e-06, 0.002027
2.352918e-06, 0.002774
2.352968e-06, 0.002774
2.353018e-06, 0.002719
2.353068e-06, 0.003258
2.353118e-06, 0.004115
2.353168e-06, 0.004115
2.353218e-06, 0.003230
2.353268e-06, 0.003230
2.353318e-06, 0.004157
2.353368e-06, 0.004240
2.353418e-06, 0.003466
2.353468e-06, 0.003023
2.353518e-06, 0.002802
2.353568e-06, 0.002788
2.353618e-06, 0.003410
2.353668e-06, 0.003714
2.353718e-06, 0.002829
2.353768e-06, 0.002207
2.353818e-06, 0.002525
2.353868e-06, 0.002373
2.353918e-06, 0.001848
2.353968e-06, 0.002235
2.354018e-06, 0.002705
2.354068e-06, 0.002456
2.354118e-06, 0.002553
2.354168e-06, 0.002912
2.354218e-06, 0.002677
2.354268e-06, 0.002774
2.354318e-06, 0.003327
2.354368e-06, 0.002871
2.354418e-06, 0.001945
2.354468e-06, 0.002138
2.354518e-06, 0.002636
2.354568e-06, 0.002332
2.354618e-06, 0.002166
2.354668e-06, 0.002470
2.354718e-06, 0.002027
2.354768e-06, 0.001267
2.354818e-06, 0.001613
2.354868e-06, 0.002152
2.354918e-06, 0.001820
2.354968e-06, 0.001654
2.355018e-06, 0.001654
2.355068e-06, 0.001060
2.355118e-06, 0.001557
2.355168e-06, 0.002816
2.355218e-06, 0.001765
2.355268e-06, 0.000341
2.355318e-06, 0.001682
2.355368e-06, 0.002083
2.355418e-06, 0.000023
2.355468e-06, -0.000005
2.355518e-06, 0.001156
2.355568e-06, 0.000161
2.355618e-06, 0.000119
2.355668e-06, 0.001571
2.355718e-06, 0.000617
2.355768e-06, -0.000351
2.355818e-06, 0.001073
2.355868e-06, 0.001032
2.355918e-06, -0.000323
2.355968e-06, 0.000078
2.356018e-06, 0.000368
2.356068e-06, 0.000147
2.356118e-06, 0.001350
2.356168e-06, 0.001391
2.356218e-06, -0.000351
2.356268e-06, -0.000088
2.356318e-06, 0.000894
2.356368e-06, -0.000088
2.356418e-06, -0.000033
2.356468e-06, 0.001571
2.356518e-06, 0.001336
2.356568e-06, 0.000424
2.356618e-06, 0.001101
2.356668e-06, 0.001143
2.356718e-06, -0.000005
2.356768e-06, 0.000105
2.356818e-06, 0.001046
2.356868e-06, 0.001267
2.356918e-06, 0.001364
2.356968e-06, 0.001626
2.357018e-06, 0.001654
2.357068e-06, 0.001875
2.357118e-06, 0.001806
2.357168e-06, 0.000907
2.357218e-06, 0.000935
2.357268e-06, 0.002276
2.357318e-06, 0.002428
2.357368e-06, 0.001267
2.357418e-06, 0.000907
2.357468e-06, 0.001239
2.357518e-06, 0.001461
2.357568e-06, 0.001958
2.357618e-06, 0.001903
2.357668e-06, 0.000686
2.357718e-06, 0.000147
2.357768e-06, 0.000769
2.357818e-06, 0.000659
2.357868e-06, 0.000244
2.357918e-06, 0.001156
2.357968e-06, 0.002166
2.358018e-06, 0.001723
2.358068e-06, 0.001032
2.358118e-06, 0.001115
2.358168e-06, 0.001212
2.358218e-06, 0.001018
2.358268e-06, 0.001502
2.358318e-06, 0.002332
2.358368e-06, 0.001737
2.358418e-06, 0.000672
2.358468e-06, 0.001544
2.358518e-06, 0.002760
2.358568e-06, 0.002014
2.358618e-06, 0.001391
2.358668e-06, 0.001875
2.358718e-06, 0.001474
2.358768e-06, 0.001060
2.358818e-06, 0.001737
2.358868e-06, 0.001792
2.358918e-06, 0.001557
2.358968e-06, 0.001903
2.359018e-06, 0.000838
2.359068e-06, -0.000531
2.359118e-06, 0.000686
2.359168e-06, 0.001626
2.359218e-06, -0.000157
2.359268e-06, -0.000807
2.359318e-06, 0.001004
2.359368e-06, 0.001350
2.359418e-06, -0.000088
2.359468e-06, -0.000116
2.359518e-06, 0.000935
2.359568e-06, 0.000907
2.359618e-06, 0.000493
2.359668e-06, 0.000935
2.359718e-06, 0.001115
2.359768e-06, 0.000341
2.359818e-06, 0.000092
2.359868e-06, 0.000396
2.359918e-06, 0.000078
2.359968e-06, 0.000064
2.360018e-06, 0.000728
2.360068e-06, 0.000258
2.360118e-06, -0.000600
2.360168e-06, -0.000074
2.360218e-06, 0.000105
2.360268e-06, -0.000489
2.360318e-06, 0.000188
2.360368e-06, 0.000534
2.360418e-06, -0.000697
2.360468e-06, -0.000378
2.360518e-06, 0.001184
2.360568e-06, 0.000907
2.360618e-06, 0.000534
2.360668e-06, 0.001212
2.360718e-06, 0.000493
2.360768e-06, -0.000489
2.360818e-06, 0.000216
2.360868e-06, 0.000396
2.360918e-06, -0.000268
2.360968e-06, 0.000479
2.361018e-06, 0.001405
2.361068e-06, 0.001073
2.361118e-06, 0.000811
2.361168e-06, 0.000866
2.361218e-06, 0.000894
2.361268e-06, 0.001295
2.361318e-06, 0.001364
2.361368e-06, 0.001184
2.361418e-06, 0.002152
2.361468e-06, 0.003051
2.361518e-06, 0.002249
2.361568e-06, 0.001862
2.361618e-06, 0.003189
2.361668e-06, 0.003797
2.361718e-06, 0.003341
2.361768e-06, 0.003839
2.361818e-06, 0.004489
2.361868e-06, 0.004337
2.361918e-06, 0.004724
2.361968e-06, 0.005291
2.362018e-06, 0.004738
2.362068e-06, 0.004475
2.362118e-06, 0.005125
2.362168e-06, 0.005291
2.362218e-06, 0.005152
2.362268e-06, 0.005471
2.362318e-06, 0.005761
2.362368e-06, 0.006134
2.362418e-06, 0.006687
2.362468e-06, 0.007033
2.362518e-06, 0.007932
2.362568e-06, 0.009923
2.362618e-06, 0.012204
2.362668e-06, 0.014610
2.362718e-06, 0.017334
2.362768e-06, 0.020169
2.362818e-06, 0.023322
2.362868e-06, 0.026585
2.362918e-06, 0.029793
2.362968e-06, 0.033582
2.363018e-06, 0.037744
2.363068e-06, 0.041574
2.363118e-06, 0.045376
2.363168e-06, 0.048972
2.363218e-06, 0.052000
2.363268e-06, 0.055166
2.363318e-06, 0.058346
2.363368e-06, 0.060877
2.363418e-06, 0.063546
2.363468e-06, 0.066283
2.363518e-06, 0.068482
2.363568e-06, 0.071026
2.363618e-06, 0.073819
2.363668e-06, 0.075548
2.363718e-06, 0.077179
2.363768e-06, 0.079502
2.363818e-06, 0.081079
2.363868e-06, 0.082005
2.363918e-06, 0.083125
2.363968e-06, 0.083194
2.364018e-06, 0.082614
2.364068e-06, 0.083374
2.364118e-06, 0.084038
2.364168e-06, 0.083263
2.364218e-06, 0.083388
2.364268e-06, 0.084273
2.364318e-06, 0.083333
2.364368e-06, 0.081825
2.364418e-06, 0.081632
2.364468e-06, 0.080927
2.364518e-06, 0.079240
2.364568e-06, 0.078382
2.364618e-06, 0.077857
2.364668e-06, 0.076336
2.364718e-06, 0.074386
2.364768e-06, 0.072367
2.364818e-06, 0.069809
2.364868e-06, 0.067238
2.364918e-06, 0.065454
2.364968e-06, 0.064085
2.365018e-06, 0.062578
2.365068e-06, 0.060669
2.365118e-06, 0.058015
2.365168e-06, 0.055056
2.365218e-06, 0.052539
2.365268e-06, 0.050174
2.365318e-06, 0.047769
2.365368e-06, 0.045446
2.365418e-06, 0.042569
2.365468e-06, 0.039444
2.365518e-06, 0.037052
2.365568e-06, 0.034563
2.365618e-06, 0.031369
2.365668e-06, 0.028286
2.365718e-06, 0.025285
2.365768e-06, 0.022271
2.365818e-06, 0.019851
2.365868e-06, 0.017514
2.365918e-06, 0.014735
2.365968e-06, 0.011997
2.366018e-06, 0.009287
2.366068e-06, 0.006646
2.366118e-06, 0.004516
2.366168e-06, 0.002318
2.366218e-06, 0.000105
2.366268e-06, -0.001250
2.366318e-06, -0.003006
2.366368e-06, -0.006089
2.366418e-06, -0.008219
2.366468e-06, -0.008813
2.366518e-06, -0.010279
2.366568e-06, -0.012325
2.366618e-06, -0.013058
2.366668e-06, -0.013680
2.366718e-06, -0.015312
2.366768e-06, -0.016377
2.366818e-06, -0.016736
2.366868e-06, -0.017912
2.366918e-06, -0.019225
2.366968e-06, -0.019529
2.367018e-06, -0.019764
2.367068e-06, -0.020539
2.367118e-06, -0.020760
2.367168e-06, -0.020608
2.367218e-06, -0.020774
2.367268e-06, -0.020732
2.367318e-06, -0.020594
2.367368e-06, -0.021009
2.367418e-06, -0.020967
2.367468e-06, -0.020414
2.367518e-06, -0.020857
2.367568e-06, -0.021493
2.367618e-06, -0.020829
2.367668e-06, -0.020000
2.367718e-06, -0.019820
2.367768e-06, -0.019668
2.367818e-06, -0.019612
2.367868e-06, -0.019529
2.367918e-06, -0.018893
2.367968e-06, -0.018451
2.368018e-06, -0.018382
2.368068e-06, -0.017704
2.368118e-06, -0.016819
2.368168e-06, -0.016404
2.368218e-06, -0.015796
2.368268e-06, -0.014814
2.368318e-06, -0.014040
2.368368e-06, -0.013418
2.368418e-06, -0.012671
2.368468e-06, -0.011537
2.368518e-06, -0.010597
2.368568e-06, -0.010583
2.368618e-06, -0.010016
2.368668e-06, -0.008025
2.368718e-06, -0.007278
2.368768e-06, -0.008108
2.368818e-06, -0.007195
2.368868e-06, -0.005329
2.368918e-06, -0.005011
2.368968e-06, -0.004167
2.369018e-06, -0.002494
2.369068e-06, -0.002453
2.369118e-06, -0.001899
2.369168e-06, 0.000451
2.369218e-06, 0.000714
2.369268e-06, -0.000088
2.369318e-06, 0.001516
2.369368e-06, 0.002359
2.369418e-06, 0.001184
2.369468e-06, 0.001751
2.369518e-06, 0.002843
2.369568e-06, 0.002525
2.369618e-06, 0.003272
2.369668e-06, 0.004295
2.369718e-06, 0.004143
2.369768e-06, 0.005139
2.369818e-06, 0.005996
2.369868e-06, 0.004779
2.369918e-06, 0.004696
2.369968e-06, 0.005609
2.370018e-06, 0.004890
2.370068e-06, 0.005388
2.370118e-06, 0.007448
2.370168e-06, 0.007102
2.370218e-06, 0.006037
2.370268e-06, 0.006992
2.370318e-06, 0.007434
2.370368e-06, 0.006867
2.370418e-06, 0.007227
2.370468e-06, 0.007614
2.370518e-06, 0.007503
2.370568e-06, 0.007835
2.370618e-06, 0.008112
2.370668e-06, 0.007959
2.370718e-06, 0.007752
2.370768e-06, 0.007503
2.370818e-06, 0.007738
2.370868e-06, 0.007904
2.370918e-06, 0.007157
2.370968e-06, 0.007475
2.371018e-06, 0.008761
2.371068e-06, 0.007517
2.371118e-06, 0.005872
2.371168e-06, 0.007558
2.371218e-06, 0.008402
2.371268e-06, 0.006079
2.371318e-06, 0.005567
2.371368e-06, 0.006715
2.371418e-06, 0.005595
2.371468e-06, 0.004586
2.371518e-06, 0.005346
2.371568e-06, 0.004890
2.371618e-06, 0.003811
2.371668e-06, 0.004171
2.371718e-06, 0.004337
2.371768e-06, 0.003922
2.371818e-06, 0.004198
2.371868e-06, 0.003963
2.371918e-06, 0.002553
2.371968e-06, 0.001945
2.372018e-06, 0.002594
2.372068e-06, 0.002954
2.372118e-06, 0.002332
2.372168e-06, 0.001101
2.372218e-06, 0.000313
2.372268e-06, 0.000880
2.372318e-06, 0.001640
2.372368e-06, 0.001156
2.372418e-06, 0.000576
2.372468e-06, 0.000949
2.372518e-06, 0.000921
2.372568e-06, 0.000161
2.372618e-06, -0.000047
2.372668e-06, 0.000119
2.372718e-06, -0.000268
2.372768e-06, -0.000793
2.372818e-06, -0.000876
2.372868e-06, -0.000890
2.372918e-06, -0.001222
2.372968e-06, -0.001623
2.373018e-06, -0.001706
2.373068e-06, -0.001595
2.373118e-06, -0.001706
2.373168e-06, -0.001637
2.373218e-06, -0.001194
2.373268e-06, -0.001139
2.373318e-06, -0.001775
2.373368e-06, -0.002038
2.373418e-06, -0.001581
2.373468e-06, -0.001388
2.373518e-06, -0.001360
2.373568e-06, -0.000904
2.373618e-06, -0.001222
2.373668e-06, -0.002176
2.373718e-06, -0.001651
2.373768e-06, -0.001084
2.373818e-06, -0.002259
2.373868e-06, -0.002148
2.373918e-06, -0.000627
2.373968e-06, -0.001319
2.374018e-06, -0.001803
2.374068e-06, 0.000271
2.374118e-06, 0.000341
2.374168e-06, -0.001817
2.374218e-06, -0.001222
2.374268e-06, 0.000188
2.374318e-06, -0.000849
2.374368e-06, -0.001111
2.374418e-06, 0.000285
2.374468e-06, 0.000299
2.374518e-06, -0.000378
2.374568e-06, -0.000392
2.374618e-06, -0.000655
2.374668e-06, -0.000448
2.374718e-06, 0.000147
2.374768e-06, -0.000724
2.374818e-06, -0.001457
2.374868e-06, -0.000517
2.374918e-06, -0.000614
2.374968e-06, -0.002052
2.375018e-06, -0.002065
2.375068e-06, -0.001277
2.375118e-06, -0.001167
2.375168e-06, -0.000793
2.375218e-06, -0.000531
2.375268e-06, -0.001194
2.375318e-06, -0.001471
2.375368e-06, -0.000959
2.375418e-06, -0.000959
2.375468e-06, -0.001526
2.375518e-06, -0.001581
2.375568e-06, -0.000807
2.375618e-06, -0.000296
2.375668e-06, -0.000710
2.375718e-06, -0.001015
2.375768e-06, -0.000392
2.375818e-06, 0.000009
2.375868e-06, -0.000185
2.375918e-06, 0.000230
2.375968e-06, 0.000493
2.376018e-06, -0.000337
2.376068e-06, -0.000088
2.376118e-06, 0.001751
2.376168e-06, 0.002097
2.376218e-06, 0.001087
2.376268e-06, 0.001378
2.376318e-06, 0.001654
2.376368e-06, 0.001198
2.376418e-06, 0.001848
2.376468e-06, 0.002083
2.376518e-06, 0.000838
2.376568e-06, 0.001350
2.376618e-06, 0.002774
2.376668e-06, 0.001862
2.376718e-06, 0.001212
2.376768e-06, 0.002000
2.376818e-06, 0.001419
2.376868e-06, 0.000949
2.376918e-06, 0.001917
2.376968e-06, 0.001599
2.377018e-06, 0.001060
2.377068e-06, 0.001986
2.377118e-06, 0.001433
2.377168e-06, 0.000161
2.377218e-06, 0.001488
2.377268e-06, 0.002387
2.377318e-06, 0.000990
2.377368e-06, 0.001060
2.377418e-06, 0.002263
2.377468e-06, 0.001765
2.377518e-06, 0.001447
2.377568e-06, 0.002138
2.377618e-06, 0.001585
2.377668e-06, 0.001170
2.377718e-06, 0.002387
2.377768e-06, 0.002567
2.377818e-06, 0.001737
2.377868e-06, 0.002498
2.377918e-06, 0.002802
2.377968e-06, 0.001433
2.378018e-06, 0.001696
2.378068e-06, 0.002940
2.378118e-06, 0.002097
2.378168e-06, 0.001350
2.378218e-06, 0.002166
2.378268e-06, 0.002097
2.378318e-06, 0.001723
2.378368e-06, 0.002719
2.378418e-06, 0.003742
2.378468e-06, 0.005305
2.378518e-06, 0.008443
2.378568e-06, 0.010988
2.378618e-06, 0.012882
2.378668e-06, 0.016104
2.378718e-06, 0.018966
2.378768e-06, 0.020155
2.378818e-06, 0.021344
2.378868e-06, 0.022699
2.378918e-06, 0.023336
2.378968e-06, 0.023183
2.379018e-06, 0.022243
2.379068e-06, 0.021814
2.379118e-06, 0.023004
2.379168e-06, 0.023806
2.379218e-06, 0.023474
2.379268e-06, 0.024234
2.379318e-06, 0.025755
2.379368e-06, 0.026129
2.379418e-06, 0.026433
2.379468e-06, 0.027442
2.379518e-06, 0.027608
2.379568e-06, 0.027055
2.379618e-06, 0.027138
2.379668e-06, 0.027027
2.379718e-06, 0.026032
2.379768e-06, 0.025299
2.379818e-06, 0.024926
2.379868e-06, 0.024373
2.379918e-06, 0.024179
2.379968e-06, 0.023958
2.380018e-06, 0.023280
2.380068e-06, 0.023225
2.380118e-06, 0.023418
2.380168e-06, 0.023073
2.380218e-06, 0.022948
2.380268e-06, 0.022243
2.380318e-06, 0.020390
2.380368e-06, 0.019699
2.380418e-06, 0.019616
2.380468e-06, 0.017735
2.380518e-06, 0.016256
2.380568e-06, 0.016159
2.380618e-06, 0.014666
2.380668e-06, 0.013034
2.380718e-06, 0.012923
2.380768e-06, 0.011541
2.380818e-06, 0.009854
2.380868e-06, 0.010352
2.380918e-06, 0.009605
2.380968e-06, 0.007144
2.381018e-06, 0.007282
2.381068e-06, 0.007821
2.381118e-06, 0.005318
2.381168e-06, 0.003618
2.381218e-06, 0.004046
2.381268e-06, 0.002857
2.381318e-06, 0.001073
2.381368e-06, 0.001115
2.381418e-06, 0.000479
2.381468e-06, -0.001360
2.381518e-06, -0.001692
2.381568e-06, -0.001664
2.381618e-06, -0.002867
2.381668e-06, -0.002923
2.381718e-06, -0.002024
2.381768e-06, -0.002881
2.381818e-06, -0.003559
2.381868e-06, -0.002549
2.381918e-06, -0.003061
2.381968e-06, -0.004582
2.382018e-06, -0.004043
2.382068e-06, -0.003752
2.382118e-06, -0.005163
2.382168e-06, -0.005384
2.382218e-06, -0.005135
2.382268e-06, -0.006158
2.382318e-06, -0.005633
2.382368e-06, -0.003821
2.382418e-06, -0.004568
2.382468e-06, -0.005730
2.382518e-06, -0.004319
2.382568e-06, -0.003808
2.382618e-06, -0.005149
2.382668e-06, -0.004582
2.382718e-06, -0.003503
2.382768e-06, -0.004430
2.382818e-06, -0.004402
2.382868e-06, -0.003351
2.382918e-06, -0.004485
2.382968e-06, -0.005094
2.383018e-06, -0.002867
2.383068e-06, -0.002093
2.383118e-06, -0.003241
2.383168e-06, -0.002466
2.383218e-06, -0.001194
2.383268e-06, -0.001568
2.383318e-06, -0.001443
2.383368e-06, -0.000987
2.383418e-06, -0.001498
2.383468e-06, -0.001070
2.383518e-06, -0.000199
2.383568e-06, -0.001015
2.383618e-06, -0.001263
2.383668e-06, 0.000105
2.383718e-06, 0.000285
2.383768e-06, -0.000088
2.383818e-06, 0.000700
2.383868e-06, 0.000659
2.383918e-06, 0.000133
2.383968e-06, 0.001336
2.384018e-06, 0.002138
2.384068e-06, 0.001682
2.384118e-06, 0.002581
2.384168e-06, 0.003576
2.384218e-06, 0.002802
2.384268e-06, 0.002954
2.384318e-06, 0.004254
2.384368e-06, 0.004157
2.384418e-06, 0.003590
2.384468e-06, 0.003687
2.384518e-06, 0.003576
2.384568e-06, 0.003922
2.384618e-06, 0.004544
2.384668e-06, 0.003922
2.384718e-06, 0.003148
2.384768e-06, 0.003244
2.384818e-06, 0.003134
2.384868e-06, 0.003189
2.384918e-06, 0.003549
2.384968e-06, 0.002954
2.385018e-06, 0.002691
2.385068e-06, 0.003452
2.385118e-06, 0.002843
2.385168e-06, 0.001737
2.385218e-06, 0.002387
2.385268e-06, 0.002636
2.385318e-06, 0.001654
2.385368e-06, 0.001751
2.385418e-06, 0.002097
2.385468e-06, 0.002055
2.385518e-06, 0.003300
2.385568e-06, 0.003659
2.385618e-06, 0.001308
2.385668e-06, 0.000520
2.385718e-06, 0.002470
2.385768e-06, 0.002760
2.385818e-06, 0.001723
2.385868e-06, 0.002207
2.385918e-06, 0.002097
2.385968e-06, 0.001184
2.386018e-06, 0.002484
2.386068e-06, 0.003576
2.386118e-06, 0.001903
2.386168e-06, 0.001433
2.386218e-06, 0.002636
2.386268e-06, 0.001875
2.386318e-06, 0.001295
2.386368e-06, 0.002594
2.386418e-06, 0.002235
2.386468e-06, 0.001253
2.386518e-06, 0.002484
2.386568e-06, 0.003037
2.386618e-06, 0.002055
2.386668e-06, 0.002290
2.386718e-06, 0.002138
2.386768e-06, 0.000617
2.386818e-06, 0.000866
2.386868e-06, 0.002442
2.386918e-06, 0.002276
2.386968e-06, 0.001129
2.387018e-06, 0.000714
2.387068e-06, 0.000797
2.387118e-06, 0.000797
2.387168e-06, 0.000410
2.387218e-06, 0.000451
2.387268e-06, 0.001322
2.387318e-06, 0.001461
2.387368e-06, 0.000811
2.387418e-06, 0.000714
2.387468e-06, 0.000424
2.387518e-06, 0.000175
2.387568e-06, 0.001239
2.387618e-06, 0.001626
2.387668e-06, 0.000672
2.387718e-06, 0.000825
2.387768e-06, 0.001239
2.387818e-06, 0.000631
2.387868e-06, 0.001308
2.387918e-06, 0.002332
2.387968e-06, 0.001129
2.388018e-06, 0.000548
2.388068e-06, 0.001834
2.388118e-06, 0.001654
2.388168e-06, 0.000534
2.388218e-06, 0.000921
2.388268e-06, 0.001640
2.388318e-06, 0.002069
2.388368e-06, 0.002677
2.388418e-06, 0.002401
2.388468e-06, 0.001862
2.388518e-06, 0.002470
2.388568e-06, 0.002788
2.388618e-06, 0.002055
2.388668e-06, 0.001751
2.388718e-06, 0.001986
2.388768e-06, 0.001737
2.388818e-06, 0.001170
2.388868e-06, 0.000977
2.388918e-06, 0.001378
2.388968e-06, 0.001654
2.389018e-06, 0.001198
2.389068e-06, 0.000576
2.389118e-06, 0.000451
2.389168e-06, 0.000617
2.389218e-06, 0.000935
2.389268e-06, 0.001322
2.389318e-06, 0.001198
2.389368e-06, 0.000700
2.389418e-06, 0.000672
2.389468e-06, 0.001156
2.389518e-06, 0.001364
2.389568e-06, 0.001101
2.389618e-06, 0.000880
2.389668e-06, 0.000645
2.389718e-06, 0.000105
2.389768e-06, -0.000060
2.389818e-06, 0.000465
2.389868e-06, 0.000783
2.389918e-06, 0.000659
2.389968e-06, 0.000659
2.390018e-06, 0.000659
2.390068e-06, 0.000520
2.390118e-06, 0.000465
2.390168e-06, 0.000410
2.390218e-06, 0.000631
2.390268e-06, 0.001212
2.390318e-06, 0.001018
2.390368e-06, 0.000188
2.390418e-06, 0.000437
2.390468e-06, 0.001143
2.390518e-06, 0.000838
2.390568e-06, 0.000645
2.390618e-06, 0.000880
2.390668e-06, 0.000064
2.390718e-06, -0.000890
2.390768e-06, -0.000475
2.390818e-06, 0.000036
2.390868e-06, 0.000023
2.390918e-06, 0.000175
2.390968e-06, -0.000309
2.391018e-06, -0.001416
2.391068e-06, -0.001388
2.391118e-06, -0.000697
2.391168e-06, -0.000766
2.391218e-06, -0.000876
2.391268e-06, -0.000544
2.391318e-06, -0.000337
2.391368e-06, -0.000185
2.391418e-06, -0.000337
2.391468e-06, -0.001180
2.391518e-06, -0.001595
2.391568e-06, -0.001194
2.391618e-06, -0.001098
2.391668e-06, -0.001236
2.391718e-06, -0.000710
2.391768e-06, -0.000254
2.391818e-06, -0.000807
2.391868e-06, -0.001595
2.391918e-06, -0.001581
2.391968e-06, -0.001167
2.392018e-06, -0.001001
2.392068e-06, -0.000918
2.392118e-06, -0.000710
2.392168e-06, -0.000517
2.392218e-06, -0.000365
2.392268e-06, -0.000614
2.392318e-06, -0.001028
2.392368e-06, -0.000448
2.392418e-06, 0.000811
2.392468e-06, 0.001101
2.392518e-06, 0.000894
2.392568e-06, 0.001073
2.392618e-06, 0.000769
2.392668e-06, 0.000506
2.392718e-06, 0.001419
2.392768e-06, 0.001903
2.392818e-06, 0.001585
2.392868e-06, 0.002373
2.392918e-06, 0.003507
2.392968e-06, 0.003078
2.393018e-06, 0.002428
2.393068e-06, 0.003092
2.393118e-06, 0.003867
2.393168e-06, 0.003839
2.393218e-06, 0.004005
2.393268e-06, 0.004544
2.393318e-06, 0.004516
2.393368e-06, 0.004240
2.393418e-06, 0.004655
2.393468e-06, 0.004959
2.393518e-06, 0.004738
2.393568e-06, 0.005429
2.393618e-06, 0.006798
2.393668e-06, 0.007323
2.393718e-06, 0.008236
2.393768e-06, 0.010683
2.393818e-06, 0.012675
2.393868e-06, 0.013878
2.393918e-06, 0.016131
2.393968e-06, 0.019215
2.394018e-06, 0.022063
2.394068e-06, 0.025161
2.394118e-06, 0.028811
2.394168e-06, 0.032448
2.394218e-06, 0.035753
2.394268e-06, 0.039002
2.394318e-06, 0.042445
2.394368e-06, 0.045639
2.394418e-06, 0.048598
2.394468e-06, 0.051792
2.394518e-06, 0.054350
2.394568e-06, 0.055927
2.394618e-06, 0.058346
2.394668e-06, 0.061485
2.394718e-06, 0.063476
2.394768e-06, 0.065205
2.394818e-06, 0.067556
2.394868e-06, 0.069533
2.394918e-06, 0.071247
2.394968e-06, 0.072630
2.395018e-06, 0.072851
2.395068e-06, 0.073363
2.395118e-06, 0.074843
2.395168e-06, 0.075230
2.395218e-06, 0.074981
2.395268e-06, 0.075534
2.395318e-06, 0.075327
2.395368e-06, 0.074372
2.395418e-06, 0.074621
2.395468e-06, 0.074815
2.395518e-06, 0.073626
2.395568e-06, 0.072686
2.395618e-06, 0.072243
2.395668e-06, 0.071206
2.395718e-06, 0.069989
2.395768e-06, 0.068897
2.395818e-06, 0.067970
2.395868e-06, 0.067417
2.395918e-06, 0.065910
2.395968e-06, 0.063158
2.396018e-06, 0.061416
2.396068e-06, 0.060130
2.396118e-06, 0.057392
2.396168e-06, 0.054986
2.396218e-06, 0.053382
2.396268e-06, 0.050340
2.396318e-06, 0.047105
2.396368e-06, 0.045432
2.396418e-06, 0.043219
2.396468e-06, 0.040177
2.396518e-06, 0.038186
2.396568e-06, 0.036057
2.396618e-06, 0.032752
2.396668e-06, 0.030069
2.396718e-06, 0.028106
2.396768e-06, 0.025534
2.396818e-06, 0.022810
2.396868e-06, 0.019948
2.396918e-06, 0.016671
2.396968e-06, 0.014569
2.397018e-06, 0.013283
2.397068e-06, 0.010255
2.397118e-06, 0.006687
2.397168e-06, 0.004973
2.397218e-06, 0.003479
2.397268e-06, 0.001018
2.397318e-06, -0.000766
2.397368e-06, -0.002273
2.397418e-06, -0.004319
2.397468e-06, -0.005826
2.397518e-06, -0.007486
2.397568e-06, -0.009712
2.397618e-06, -0.010472
2.397668e-06, -0.010943
2.397718e-06, -0.013238
2.397768e-06, -0.014441
2.397818e-06, -0.013846
2.397868e-06, -0.015367
2.397918e-06, -0.017760
2.397968e-06, -0.017386
2.398018e-06, -0.016792
2.398068e-06, -0.018354
2.398118e-06, -0.019668
2.398168e-06, -0.019751
2.398218e-06, -0.019557
2.398268e-06, -0.018963
2.398318e-06, -0.018907
2.398368e-06, -0.020179
2.398418e-06, -0.020746
2.398468e-06, -0.019723
2.398518e-06, -0.019433
2.398568e-06, -0.020304
2.398618e-06, -0.020179
2.398668e-06, -0.019419
2.398718e-06, -0.019654
2.398768e-06, -0.019806
2.398818e-06, -0.018976
2.398868e-06, -0.018548
2.398918e-06, -0.018437
2.398968e-06, -0.017815
2.399018e-06, -0.017829
2.399068e-06, -0.018202
2.399118e-06, -0.017068
2.399168e-06, -0.015727
2.399218e-06, -0.015547
2.399268e-06, -0.014552
2.399318e-06, -0.012975
2.399368e-06, -0.013252
2.399418e-06, -0.013791
2.399468e-06, -0.012533
2.399518e-06, -0.011385
2.399568e-06, -0.011261
2.399618e-06, -0.010569
2.399668e-06, -0.009477
2.399718e-06, -0.009034
2.399768e-06, -0.008592
2.399818e-06, -0.007444
2.399868e-06, -0.006200
2.399918e-06, -0.005578
2.399968e-06, -0.005384
2.400018e-06, -0.004831
2.400068e-06, -0.003780
2.400118e-06, -0.002950
2.400168e-06, -0.002674
2.400218e-06, -0.002314
2.400268e-06, -0.001568
2.400318e-06, -0.001153
2.400368e-06, -0.001098
2.400418e-06, -0.000254
2.400468e-06, 0.000534
2.400518e-06, -0.000019
2.400568e-06, 0.000147
2.400618e-06, 0.002069
2.400668e-06, 0.002816
2.400718e-06, 0.002110
2.400768e-06, 0.002442
2.400818e-06, 0.002968
2.400868e-06, 0.002857
2.400918e-06, 0.003880
2.400968e-06, 0.004973
2.401018e-06, 0.004060
2.401068e-06, 0.003369
2.401118e-06, 0.004544
2.401168e-06, 0.005346
2.401218e-06, 0.005152
2.401268e-06, 0.005360
2.401318e-06, 0.005401
2.401368e-06, 0.005194
2.401418e-06, 0.005913
2.401468e-06, 0.006203
2.401518e-06, 0.005208
2.401568e-06, 0.005457
2.401618e-06, 0.006992
2.401668e-06, 0.007268
2.401718e-06, 0.006909
2.401768e-06, 0.006950
2.401818e-06, 0.006369
2.401868e-06, 0.006051
2.401918e-06, 0.006853
2.401968e-06, 0.006895
2.402018e-06, 0.006024
2.402068e-06, 0.005775
2.402118e-06, 0.005885
2.402168e-06, 0.006162
2.402218e-06, 0.006756
2.402268e-06, 0.006604
2.402318e-06, 0.005761
2.402368e-06, 0.005125
2.402418e-06, 0.005097
2.402468e-06, 0.006037
2.402518e-06, 0.006591
2.402568e-06, 0.005152
2.402618e-06, 0.004268
2.402668e-06, 0.005609
2.402718e-06, 0.005802
2.402768e-06, 0.004599
2.402818e-06, 0.004627
2.402868e-06, 0.004074
2.402918e-06, 0.002677
2.402968e-06, 0.003383
2.403018e-06, 0.003562
2.403068e-06, 0.001613
2.403118e-06, 0.002193
2.403168e-06, 0.003618
2.403218e-06, 0.001516
2.403268e-06, 0.000825
2.403318e-06, 0.003175
2.403368e-06, 0.002428
2.403418e-06, 0.000493
2.403468e-06, 0.001972
2.403518e-06, 0.002539
2.403568e-06, 0.000921
2.403618e-06, 0.001516
2.403668e-06, 0.002484
2.403718e-06, 0.001295
2.403768e-06, 0.000990
2.403818e-06, 0.001668
2.403868e-06, 0.000949
2.403918e-06, 0.000382
2.403968e-06, 0.001046
2.404018e-06, 0.000852
2.404068e-06, -0.000047
2.404118e-06, -0.000019
2.404168e-06, 0.000064
2.404218e-06, -0.000116
2.404268e-06, 0.000659
2.404318e-06, 0.001143
2.404368e-06, 0.000092
2.404418e-06, -0.000268
2.404468e-06, 0.000313
2.404518e-06, -0.000309
2.404568e-06, -0.000904
2.404618e-06, -0.000323
2.404668e-06, -0.000503
2.404718e-06, -0.000862
2.404768e-06, -0.000254
2.404818e-06, -0.000627
2.404868e-06, -0.001180
2.404918e-06, 0.000175
2.404968e-06, 0.000576
2.405018e-06, -0.000807
2.405068e-06, -0.000365
2.405118e-06, 0.000645
2.405168e-06, -0.000558
2.405218e-06, -0.000973
2.405268e-06, 0.000341
2.405318e-06, -0.000171
2.405368e-06, -0.001485
2.405418e-06, -0.000779
2.405468e-06, -0.000185
2.405518e-06, -0.000738
2.405568e-06, -0.000226
2.405618e-06, 0.000589
2.405668e-06, 0.000313
2.405718e-06, 0.000769
2.405768e-06, 0.001723
2.405818e-06, 0.000825
2.405868e-06, -0.000337
2.405918e-06, 0.000465
2.405968e-06, 0.000894
2.406018e-06, -0.000199
2.406068e-06, -0.000033
2.406118e-06, 0.001032
2.406168e-06, 0.000354
2.406218e-06, -0.000365
2.406268e-06, 0.000562
2.406318e-06, 0.000603
2.406368e-06, -0.000323
2.406418e-06, 0.000244
2.406468e-06, 0.000963
2.406518e-06, 0.000424
2.406568e-06, 0.000493
2.406618e-06, 0.001032
2.406668e-06, 0.000548
2.406718e-06, 0.000161
2.406768e-06, 0.000327
2.406818e-06, -0.000060
2.406868e-06, -0.000337
2.406918e-06, 0.000175
2.406968e-06, 0.000299
2.407018e-06, -0.000060
2.407068e-06, 0.000202
2.407118e-06, 0.000769
2.407168e-06, 0.000797
2.407218e-06, 0.000990
2.407268e-06, 0.001986
2.407318e-06, 0.002760
2.407368e-06, 0.002525
2.407418e-06, 0.002014
2.407468e-06, 0.001848
2.407518e-06, 0.001696
2.407568e-06, 0.001599
2.407618e-06, 0.002041
2.407668e-06, 0.002332
2.407718e-06, 0.001917
2.407768e-06, 0.001958
2.407818e-06, 0.002511
2.407868e-06, 0.002193
2.407918e-06, 0.002000
2.407968e-06, 0.003023
2.408018e-06, 0.002982
2.408068e-06, 0.001696
2.408118e-06, 0.002083
2.408168e-06, 0.003134
2.408218e-06, 0.002276
2.408268e-06, 0.001391
2.408318e-06, 0.001834
2.408368e-06, 0.001765
2.408418e-06, 0.001364
2.408468e-06, 0.001765
2.408518e-06, 0.001696
2.408568e-06, 0.000921
2.408618e-06, 0.001004
2.408668e-06, 0.001654
2.408718e-06, 0.001682
2.408768e-06, 0.001433
2.408818e-06, 0.001391
2.408868e-06, 0.001184
2.408918e-06, 0.000935
2.408968e-06, 0.001391
2.409018e-06, 0.002276
2.409068e-06, 0.002332
2.409118e-06, 0.001668
2.409168e-06, 0.001903
2.409218e-06, 0.002733
2.409268e-06, 0.002581
2.409318e-06, 0.002083
2.409368e-06, 0.002152
2.409418e-06, 0.002193
2.409468e-06, 0.002276
2.409518e-06, 0.002539
2.409568e-06, 0.002318
2.409618e-06, 0.002760
2.409668e-06, 0.004834
2.409718e-06, 0.006521
2.409768e-06, 0.007669
2.409818e-06, 0.010573
2.409868e-06, 0.014126
2.409918e-06, 0.016311
2.409968e-06, 0.018745
2.410018e-06, 0.021690
2.410068e-06, 0.022699
2.410118e-06, 0.022381
2.410168e-06, 0.022782
2.410218e-06, 0.023045
2.410268e-06, 0.022547
2.410318e-06, 0.022160
2.410368e-06, 0.021856
2.410418e-06, 0.021967
2.410468e-06, 0.022852
2.410518e-06, 0.023294
2.410568e-06, 0.023737
2.410618e-06, 0.025506
2.410668e-06, 0.026253
2.410718e-06, 0.025244
2.410768e-06, 0.025714
2.410818e-06, 0.026848
2.410868e-06, 0.025990
2.410918e-06, 0.025271
2.410968e-06, 0.025340
2.411018e-06, 0.024331
2.411068e-06, 0.024124
2.411118e-06, 0.025202
2.411168e-06, 0.024276
2.411218e-06, 0.022727
2.411268e-06, 0.023363
2.411318e-06, 0.023861
2.411368e-06, 0.022935
2.411418e-06, 0.022133
2.411468e-06, 0.021441
2.411518e-06, 0.020930
2.411568e-06, 0.020584
2.411618e-06, 0.018994
2.411668e-06, 0.017500
2.411718e-06, 0.017569
2.411768e-06, 0.016519
2.411818e-06, 0.014348
2.411868e-06, 0.014030
2.411918e-06, 0.013670
2.411968e-06, 0.011762
2.412018e-06, 0.011237
2.412068e-06, 0.011555
2.412118e-06, 0.010255
2.412168e-06, 0.009024
2.412218e-06, 0.008347
2.412268e-06, 0.006743
2.412318e-06, 0.005692
2.412368e-06, 0.005360
2.412418e-06, 0.003922
2.412468e-06, 0.002816
2.412518e-06, 0.002650
2.412568e-06, 0.001198
2.412618e-06, -0.000143
2.412668e-06, 0.000230
2.412718e-06, -0.000392
2.412768e-06, -0.001761
2.412818e-06, -0.000945
2.412868e-06, -0.000102
2.412918e-06, -0.001540
2.412968e-06, -0.002729
2.413018e-06, -0.002784
2.413068e-06, -0.003600
2.413118e-06, -0.004499
2.413168e-06, -0.004167
2.413218e-06, -0.003780
2.413268e-06, -0.004209
2.413318e-06, -0.004693
2.413368e-06, -0.004665
2.413418e-06, -0.004388
2.413468e-06, -0.004541
2.413518e-06, -0.005260
2.413568e-06, -0.005467
2.413618e-06, -0.004720
2.413668e-06, -0.004361
2.413718e-06, -0.005177
2.413768e-06, -0.006048
2.413818e-06, -0.005716
2.413868e-06, -0.004596
2.413918e-06, -0.004278
2.413968e-06, -0.005107
2.414018e-06, -0.005674
2.414068e-06, -0.005343
2.414118e-06, -0.004693
2.414168e-06, -0.004416
2.414218e-06, -0.004859
2.414268e-06, -0.005218
2.414318e-06, -0.004402
2.414368e-06, -0.003490
2.414418e-06, -0.003669
2.414468e-06, -0.003766
2.414518e-06, -0.003199
2.414568e-06, -0.002466
2.414618e-06, -0.001609
2.414668e-06, -0.001526
2.414718e-06, -0.002273
2.414768e-06, -0.001747
2.414818e-06, -0.000517
2.414868e-06, -0.000531
2.414918e-06, -0.000254
2.414968e-06, 0.000811
2.415018e-06, 0.000465
2.415068e-06, -0.000033
2.415118e-06, 0.000977
2.415168e-06, 0.001585
2.415218e-06, 0.001696
2.415268e-06, 0.002525
2.415318e-06, 0.002484
2.415368e-06, 0.001654
2.415418e-06, 0.002152
2.415468e-06, 0.002594
2.415518e-06, 0.001917
2.415568e-06, 0.002193
2.415618e-06, 0.002747
2.415668e-06, 0.002041
2.415718e-06, 0.002207
2.415768e-06, 0.003535
2.415818e-06, 0.003396
2.415868e-06, 0.002664
2.415918e-06, 0.002912
2.415968e-06, 0.002484
2.416018e-06, 0.001889
2.416068e-06, 0.002940
2.416118e-06, 0.003258
2.416168e-06, 0.001834
2.416218e-06, 0.001792
2.416268e-06, 0.002581
2.416318e-06, 0.001585
2.416368e-06, 0.000866
2.416418e-06, 0.002055
2.416468e-06, 0.002539
2.416518e-06, 0.001709
2.416568e-06, 0.001626
2.416618e-06, 0.002138
2.416668e-06, 0.002069
2.416718e-06, 0.001723
2.416768e-06, 0.001488
2.416818e-06, 0.001557
2.416868e-06, 0.002124
2.416918e-06, 0.002484
2.416968e-06, 0.002290
2.417018e-06, 0.002097
2.417068e-06, 0.001723
2.417118e-06, 0.001156
2.417168e-06, 0.001239
2.417218e-06, 0.001405
2.417268e-06, 0.000631
2.417318e-06, 0.000092
2.417368e-06, 0.000520
2.417418e-06, 0.000714
2.417468e-06, 0.000783
2.417518e-06, 0.001308
2.417568e-06, 0.001226
2.417618e-06, 0.000617
2.417668e-06, 0.000631
2.417718e-06, 0.000686
2.417768e-06, 0.000354
2.417818e-06, 0.000506
2.417868e-06, 0.000949
2.417918e-06, 0.000783
2.417968e-06, 0.000244
2.418018e-06, -0.000143
2.418068e-06, -0.000309
2.418118e-06, -0.000171
2.418168e-06, 0.000244
2.418218e-06, 0.000659
2.418268e-06, 0.000603
2.418318e-06, 0.000036
2.418368e-06, -0.000351
2.418418e-06, -0.000503
2.418468e-06, -0.000614
2.418518e-06, 0.000161
2.418568e-06, 0.000866
2.418618e-06, -0.000171
2.418668e-06, -0.000904
2.418718e-06, 0.000050
2.418768e-06, 0.000161
2.418818e-06, -0.000254
2.418868e-06, 0.000755
2.418918e-06, 0.000797
2.418968e-06, -0.000807
2.419018e-06, -0.000558
2.419068e-06, 0.000894
2.419118e-06, 0.000506
2.419168e-06, -0.000171
2.419218e-06, 0.000078
2.419268e-06, -0.000213
2.419318e-06, -0.000130
2.419368e-06, 0.000963
2.419418e-06, 0.000907
2.419468e-06, 0.000271
2.419518e-06, 0.000935
2.419568e-06, 0.001156
2.419618e-06, 0.000437
2.419668e-06, 0.000977
2.419718e-06, 0.001765
2.419768e-06, 0.001087
2.419818e-06, 0.000700
2.419868e-06, 0.001350
2.419918e-06, 0.001530
2.419968e-06, 0.001474
2.420018e-06, 0.001696
2.420068e-06, 0.001350
2.420118e-06, 0.000728
2.420168e-06, 0.000755
2.420218e-06, 0.000949
2.420268e-06, 0.000866
2.420318e-06, 0.000714
2.420368e-06, 0.000424
2.420418e-06, 0.000175
2.420468e-06, 0.000327
2.420518e-06, 0.000437
2.420568e-06, 0.000216
2.420618e-06, 0.000354
2.420668e-06, 0.000880
2.420718e-06, 0.000783
2.420768e-06, 0.000244
2.420818e-06, 0.000672
2.420868e-06, 0.001378
2.420918e-06, 0.001004
2.420968e-06, 0.000755
2.421018e-06, 0.001198
2.421068e-06, 0.001004
2.421118e-06, 0.000935
2.421168e-06, 0.001295
2.421218e-06, 0.000092
2.421268e-06, -0.000862
2.421318e-06, 0.000520
2.421368e-06, 0.000728
2.421418e-06, -0.000752
2.421468e-06, -0.000130
2.421518e-06, 0.000838
2.421568e-06, -0.000116
2.421618e-06, 0.000036
2.421668e-06, 0.000963
2.421718e-06, -0.000130
2.421768e-06, -0.000683
2.421818e-06, 0.000562
2.421868e-06, 0.000285
2.421918e-06, -0.000835
2.421968e-06, 0.000341
2.422018e-06, 0.001723
2.422068e-06, 0.000700
2.422118e-06, -0.000779
2.422168e-06, -0.000849
2.422218e-06, -0.000378
2.422268e-06, -0.000254
2.422318e-06, -0.000226
2.422368e-06, -0.000088
2.422418e-06, 0.000050
2.422468e-06, 0.000009
2.422518e-06, -0.000130
2.422568e-06, -0.000240
2.422618e-06, -0.000434
2.422668e-06, -0.000434
2.422718e-06, -0.000033
2.422768e-06, 0.000147
2.422818e-06, -0.000033
2.422868e-06, 0.000078
2.422918e-06, 0.000092
2.422968e-06, -0.000558
2.423018e-06, -0.000586
2.423068e-06, 0.000479
2.423118e-06, 0.000396
2.423168e-06, -0.000710
2.423218e-06, -0.000226
2.423268e-06, 0.000589
2.423318e-06, -0.000088
2.423368e-06, 0.000133
2.423418e-06, 0.001336
2.423468e-06, 0.000645
2.423518e-06, -0.000213
2.423568e-06, 0.000617
2.423618e-06, 0.000769
2.423668e-06, 0.000755
2.423718e-06, 0.002263
2.423768e-06, 0.002359
2.423818e-06, 0.000852
2.423868e-06, 0.001447
2.423918e-06, 0.002719
2.423968e-06, 0.002511
2.424018e-06, 0.003009
2.424068e-06, 0.003701
2.424118e-06, 0.002995
2.424168e-06, 0.003424
2.424218e-06, 0.004586
2.424268e-06, 0.003756
2.424318e-06, 0.003189
2.424368e-06, 0.004060
2.424418e-06, 0.003659
2.424468e-06, 0.003535
2.424518e-06, 0.005415
2.424568e-06, 0.005747
2.424618e-06, 0.004475
2.424668e-06, 0.004945
2.424718e-06, 0.005415
2.424768e-06, 0.004309
2.424818e-06, 0.004765
2.424868e-06, 0.006425
2.424918e-06, 0.006411
2.424968e-06, 0.006881
2.425018e-06, 0.009342
2.425068e-06, 0.011084
2.425118e-06, 0.012619
2.425168e-06, 0.015966
2.425218e-06, 0.019312
2.425268e-06, 0.022506
2.425318e-06, 0.026792
2.425368e-06, 0.029682
2.425418e-06, 0.031314
2.425468e-06, 0.035600
2.425518e-06, 0.040717
2.425568e-06, 0.043164
2.425618e-06, 0.045625
2.425668e-06, 0.049663
2.425718e-06, 0.052788
2.425768e-06, 0.055304
2.425818e-06, 0.058236
2.425868e-06, 0.060434
2.425918e-06, 0.062370
2.425968e-06, 0.064679
2.426018e-06, 0.066449
2.426068e-06, 0.068634
2.426118e-06, 0.071538
2.426168e-06, 0.073017
2.426218e-06, 0.074041
2.426268e-06, 0.076433
2.426318e-06, 0.077691
2.426368e-06, 0.077041
2.426418e-06, 0.077442
2.426468e-06, 0.078410
2.426518e-06, 0.077663
2.426568e-06, 0.076820
2.426618e-06, 0.077207
2.426668e-06, 0.076931
2.426718e-06, 0.075603
2.426768e-06, 0.074760
2.426818e-06, 0.074317
2.426868e-06, 0.073501
2.426918e-06, 0.073004
2.426968e-06, 0.073059
2.427018e-06, 0.072492
2.427068e-06, 0.070916
2.427118e-06, 0.069339
2.427168e-06, 0.068523
2.427218e-06, 0.067970
2.427268e-06, 0.066256
2.427318e-06, 0.063366
2.427368e-06, 0.060877
2.427418e-06, 0.058665
2.427468e-06, 0.055941
2.427518e-06, 0.053714
2.427568e-06, 0.051709
2.427618e-06, 0.048723
2.427668e-06, 0.046552
2.427718e-06, 0.045625
2.427768e-06, 0.043344
2.427818e-06, 0.040343
2.427868e-06, 0.038297
2.427918e-06, 0.035753
2.427968e-06, 0.032835
2.428018e-06, 0.030678
2.428068e-06, 0.027359
2.428118e-06, 0.023142
2.428168e-06, 0.021013
2.428218e-06, 0.019754
2.428268e-06, 0.016920
2.428318e-06, 0.014030
2.428368e-06, 0.012080
2.428418e-06, 0.009854
2.428468e-06, 0.007572
2.428518e-06, 0.005719
2.428568e-06, 0.003369
2.428618e-06, 0.000755
2.428668e-06, -0.000904
2.428718e-06, -0.002425
2.428768e-06, -0.005052
2.428818e-06, -0.007417
2.428868e-06, -0.008329
2.428918e-06, -0.009339
2.428968e-06, -0.011122
2.429018e-06, -0.012146
2.429068e-06, -0.012657
2.429118e-06, -0.014275
2.429168e-06, -0.015838
2.429218e-06, -0.015879
2.429268e-06, -0.016003
2.429318e-06, -0.017262
2.429368e-06, -0.017801
2.429418e-06, -0.017331
2.429468e-06, -0.018064
2.429518e-06, -0.019695
2.429568e-06, -0.020069
2.429618e-06, -0.019792
2.429668e-06, -0.020414
2.429718e-06, -0.020760
2.429768e-06, -0.019875
2.429818e-06, -0.019488
2.429868e-06, -0.020539
2.429918e-06, -0.021120
2.429968e-06, -0.020207
2.430018e-06, -0.019516
2.430068e-06, -0.019917
2.430118e-06, -0.019709
2.430168e-06, -0.018465
2.430218e-06, -0.018091
2.430268e-06, -0.018396
2.430318e-06, -0.017428
2.430368e-06, -0.016100
2.430418e-06, -0.016308
2.430468e-06, -0.016529
2.430518e-06, -0.015284
2.430568e-06, -0.013957
2.430618e-06, -0.013307
2.430668e-06, -0.012892
2.430718e-06, -0.012713
2.430768e-06, -0.012035
2.430818e-06, -0.010625
2.430868e-06, -0.010099
2.430918e-06, -0.010210
2.430968e-06, -0.009145
2.431018e-06, -0.008011
2.431068e-06, -0.007748
2.431118e-06, -0.006919
2.431168e-06, -0.005605
2.431218e-06, -0.004817
2.431268e-06, -0.004153
2.431318e-06, -0.003614
2.431368e-06, -0.003158
2.431418e-06, -0.002190
2.431468e-06, -0.001360
2.431518e-06, -0.001125
2.431568e-06, -0.000669
2.431618e-06, 0.000133
2.431668e-06, 0.000838
2.431718e-06, 0.001101
2.431768e-06, 0.001239
2.431818e-06, 0.002373
2.431868e-06, 0.003673
2.431918e-06, 0.003438
2.431968e-06, 0.003369
2.432018e-06, 0.004613
2.432068e-06, 0.004765
2.432118e-06, 0.004005
2.432168e-06, 0.004848
2.432218e-06, 0.005623
2.432268e-06, 0.004503
2.432318e-06, 0.004337
2.432368e-06, 0.005996
2.432418e-06, 0.006342
2.432468e-06, 0.005429
2.432518e-06, 0.005802
2.432568e-06, 0.006770
2.432618e-06, 0.006867
2.432668e-06, 0.006646
2.432718e-06, 0.006286
2.432768e-06, 0.006162
2.432818e-06, 0.007171
2.432868e-06, 0.007807
2.432918e-06, 0.006964
2.432968e-06, 0.006826
2.433018e-06, 0.007904
2.433068e-06, 0.008070
2.433118e-06, 0.007614
2.433168e-06, 0.007683
2.433218e-06, 0.007157
2.433268e-06, 0.006563
2.433318e-06, 0.007697
2.433368e-06, 0.008596
2.433418e-06, 0.007185
2.433468e-06, 0.006037
2.433518e-06, 0.006701
2.433568e-06, 0.006618
2.433618e-06, 0.005526
2.433668e-06, 0.005941
2.433718e-06, 0.007033
2.433768e-06, 0.006521
2.433818e-06, 0.005761
2.433868e-06, 0.006314
2.433918e-06, 0.006383
2.433968e-06, 0.005070
2.434018e-06, 0.004447
2.434068e-06, 0.004751
2.434118e-06, 0.004323
2.434168e-06, 0.004198
2.434218e-06, 0.005318
2.434268e-06, 0.005235
2.434318e-06, 0.003714
2.434368e-06, 0.003424
2.434418e-06, 0.003590
2.434468e-06, 0.002636
2.434518e-06, 0.002290
2.434568e-06, 0.002608
2.434618e-06, 0.002235
2.434668e-06, 0.002097
2.434718e-06, 0.001972
2.434768e-06, 0.000728
2.434818e-06, 0.000410
2.434868e-06, 0.001336
2.434918e-06, 0.000769
2.434968e-06, -0.000268
2.435018e-06, 0.000341
2.435068e-06, 0.000520
2.435118e-06, -0.000282
2.435168e-06, 0.000078
2.435218e-06, 0.000797
2.435268e-06, 0.000396
2.435318e-06, -0.000088
2.435368e-06, -0.000226
2.435418e-06, -0.000572
2.435468e-06, -0.000738
2.435518e-06, -0.000614
2.435568e-06, -0.000475
2.435618e-06, -0.000060
2.435668e-06, -0.000088
2.435718e-06, -0.000904
2.435768e-06, -0.000752
2.435818e-06, -0.000074
2.435868e-06, -0.001250
2.435918e-06, -0.002383
2.435968e-06, -0.000959
2.436018e-06, 0.000050
2.436068e-06, -0.000890
2.436118e-06, -0.000724
2.436168e-06, 0.000410
2.436218e-06, 0.000175
2.436268e-06, -0.000226
2.436318e-06, -0.000130
2.436368e-06, -0.000586
2.436418e-06, -0.000296
2.436468e-06, 0.000797
2.436518e-06, 0.000506
2.436568e-06, -0.000019
2.436618e-06, 0.000534
2.436668e-06, 0.000313
2.436718e-06, -0.000185
2.436768e-06, 0.000451
2.436818e-06, 0.000244
2.436868e-06, -0.000641
2.436918e-06, -0.000019
2.436968e-06, 0.000451
2.437018e-06, -0.000005
2.437068e-06, 0.000576
2.437118e-06, 0.000534
2.437168e-06, -0.000876
2.437218e-06, -0.000503
2.437268e-06, 0.000271
2.437318e-06, -0.000766
2.437368e-06, -0.000406
2.437418e-06, 0.000838
2.437468e-06, -0.000489
2.437518e-06, -0.000918
2.437568e-06, 0.001129
2.437618e-06, 0.000672
2.437668e-06, -0.001139
2.437718e-06, -0.000171
2.437768e-06, 0.000686
2.437818e-06, -0.000226
2.437868e-06, -0.000005
2.437918e-06, 0.000424
2.437968e-06, -0.000683
2.438018e-06, -0.000959
2.438068e-06, 0.000078
2.438118e-06, 0.000617
2.438168e-06, 0.000576
2.438218e-06, 0.000258
2.438268e-06, 0.000078
2.438318e-06, 0.000714
2.438368e-06, 0.001004
2.438418e-06, 0.000465
2.438468e-06, 0.000562
2.438518e-06, 0.000838
2.438568e-06, 0.000589
2.438618e-06, 0.001198
2.438668e-06, 0.001931
2.438718e-06, 0.001267
2.438768e-06, 0.001018
2.438818e-06, 0.001779
2.438868e-06, 0.001474
2.438918e-06, 0.000921
2.438968e-06, 0.001626
2.439018e-06, 0.001792
2.439068e-06, 0.000949
2.439118e-06, 0.001115
2.439168e-06, 0.001806
2.439218e-06, 0.001696
2.439268e-06, 0.001848
2.439318e-06, 0.002650
2.439368e-06, 0.002774
2.439418e-06, 0.002346
2.439468e-06, 0.002415
2.439518e-06, 0.002608
2.439568e-06, 0.002180
2.439618e-06, 0.001419
2.439668e-06, 0.000977
2.439718e-06, 0.001281
2.439768e-06, 0.002110
2.439818e-06, 0.002387
2.439868e-06, 0.001917
2.439918e-06, 0.001848
2.439968e-06, 0.002207
2.440018e-06, 0.002124
2.440068e-06, 0.002055
2.440118e-06, 0.002097
2.440168e-06, 0.001419
2.440218e-06, 0.001170
2.440268e-06, 0.002346
2.440318e-06, 0.002829
2.440368e-06, 0.001779
2.440418e-06, 0.001599
2.440468e-06, 0.002442
2.440518e-06, 0.002581
2.440568e-06, 0.002498
2.440618e-06, 0.002484
2.440668e-06, 0.001585
2.440718e-06, 0.000825
2.440768e-06, 0.001308
2.440818e-06, 0.002180
2.440868e-06, 0.003134
2.440918e-06, 0.004572
2.440968e-06, 0.006093
2.441018e-06, 0.007876
2.441068e-06, 0.010559
2.441118e-06, 0.013477
2.441168e-06, 0.015786
2.441218e-06, 0.017735
2.441268e-06, 0.019879
2.441318e-06, 0.021967
2.441368e-06, 0.022962
2.441418e-06, 0.022824
2.441468e-06, 0.022935
2.441518e-06, 0.023266
2.441568e-06, 0.022935
2.441618e-06, 0.022962
2.441668e-06, 0.023833
2.441718e-06, 0.023944
2.441768e-06, 0.023737
2.441818e-06, 0.024746
2.441868e-06, 0.025534
2.441918e-06, 0.025271
2.441968e-06, 0.026087
2.442018e-06, 0.027622
2.442068e-06, 0.027746
2.442118e-06, 0.027249
2.442168e-06, 0.026931
2.442218e-06, 0.026101
2.442268e-06, 0.025368
2.442318e-06, 0.024870
2.442368e-06, 0.023792
2.442418e-06, 0.023294
2.442468e-06, 0.023737
2.442518e-06, 0.023197
2.442568e-06, 0.022354
2.442618e-06, 0.022686
2.442668e-06, 0.022451
2.442718e-06, 0.021344
2.442768e-06, 0.020888
2.442818e-06, 0.019699
2.442868e-06, 0.017832
2.442918e-06, 0.018026
2.442968e-06, 0.018178
2.443018e-06, 0.015620
2.443068e-06, 0.014057
2.443118e-06, 0.014652
2.443168e-06, 0.013767
2.443218e-06, 0.012398
2.443268e-06, 0.012246
2.443318e-06, 0.011057
2.443368e-06, 0.009702
2.443418e-06, 0.009729
2.443468e-06, 0.008416
2.443518e-06, 0.006231
2.443568e-06, 0.005885
2.443618e-06, 0.005249
2.443668e-06, 0.003272
2.443718e-06, 0.002332
2.443768e-06, 0.001737
2.443818e-06, 0.000769
2.443868e-06, 0.000603
2.443918e-06, -0.000060
2.443968e-06, -0.001664
2.444018e-06, -0.001803
2.444068e-06, -0.001263
2.444118e-06, -0.002093
2.444168e-06, -0.002937
2.444218e-06, -0.002937
2.444268e-06, -0.003503
2.444318e-06, -0.004679
2.444368e-06, -0.004928
2.444418e-06, -0.004195
2.444468e-06, -0.003918
2.444518e-06, -0.004402
2.444568e-06, -0.004458
2.444618e-06, -0.004181
2.444668e-06, -0.004319
2.444718e-06, -0.004153
2.444768e-06, -0.003725
2.444818e-06, -0.004333
2.444868e-06, -0.005315
2.444918e-06, -0.005080
2.444968e-06, -0.004112
2.445018e-06, -0.003835
2.445068e-06, -0.004112
2.445118e-06, -0.004029
2.445168e-06, -0.003891
2.445218e-06, -0.004458
2.445268e-06, -0.005149
2.445318e-06, -0.004969
2.445368e-06, -0.004098
2.445418e-06, -0.003614
2.445468e-06, -0.004070
2.445518e-06, -0.004789
2.445568e-06, -0.004720
2.445618e-06, -0.003711
2.445668e-06, -0.002674
2.445718e-06, -0.002218
2.445768e-06, -0.002038
2.445818e-06, -0.001692
2.445868e-06, -0.001429
2.445918e-06, -0.001568
2.445968e-06, -0.001402
2.446018e-06, -0.000531
2.446068e-06, -0.000033
2.446118e-06, -0.000033
2.446168e-06, 0.000230
2.446218e-06, 0.000105
2.446268e-06, -0.000047
2.446318e-06, 0.001115
2.446368e-06, 0.001875
2.446418e-06, 0.000990
2.446468e-06, 0.001101
2.446518e-06, 0.002069
2.446568e-06, 0.001516
2.446618e-06, 0.001613
2.446668e-06, 0.003217
2.446718e-06, 0.003023
2.446768e-06, 0.002304
2.446818e-06, 0.003341
2.446868e-06, 0.003286
2.446918e-06, 0.002304
2.446968e-06, 0.003217
2.447018e-06, 0.003562
2.447068e-06, 0.002152
2.447118e-06, 0.002235
2.447168e-06, 0.003313
2.447218e-06, 0.003479
2.447268e-06, 0.003369
2.447318e-06, 0.002760
2.447368e-06, 0.002193
2.447418e-06, 0.002954
2.447468e-06, 0.002982
2.447518e-06, 0.001516
2.447568e-06, 0.001419
2.447618e-06, 0.002166
2.447668e-06, 0.001875
2.447718e-06, 0.002276
2.447768e-06, 0.003189
2.447818e-06, 0.002110
2.447868e-06, 0.000728
2.447918e-06, 0.001696
2.447968e-06, 0.002871
2.448018e-06, 0.002332
2.448068e-06, 0.002014
2.448118e-06, 0.002594
2.448168e-06, 0.002276
2.448218e-06, 0.001391
2.448268e-06, 0.001557
2.448318e-06, 0.001820
2.448368e-06, 0.000894
2.448418e-06, 0.000188
2.448468e-06, 0.000700
2.448518e-06, 0.001322
2.448568e-06, 0.001613
2.448618e-06, 0.001848
2.448668e-06, 0.001488
2.448718e-06, 0.000742
2.448768e-06, 0.000645
2.448818e-06, 0.001018
2.448868e-06, 0.000935
2.448918e-06, 0.000548
2.448968e-06, 0.000700
2.449018e-06, 0.001433
2.449068e-06, 0.001557
2.449118e-06, 0.000755
2.449168e-06, 0.000230
2.449218e-06, 0.000271
2.449268e-06, 0.000133
2.449318e-06, -0.000019
2.449368e-06, -0.000268
2.449418e-06, -0.000932
2.449468e-06, -0.000766
2.449518e-06, 0.000493
2.449568e-06, 0.000825
2.449618e-06, -0.000047
2.449668e-06, -0.000503
2.449718e-06, -0.000268
2.449768e-06, -0.000047
2.449818e-06, -0.000033
2.449868e-06, -0.000337
2.449918e-06, -0.000655
2.449968e-06, -0.000392
2.450018e-06, 0.000244
2.450068e-06, 0.000244
2.450118e-06, -0.000378
2.450168e-06, -0.000475
2.450218e-06, 0.000078
2.450268e-06, 0.000299
2.450318e-06, -0.000060
2.450368e-06, -0.000531
2.450418e-06, -0.000710
2.450468e-06, -0.000143
2.450518e-06, 0.000396
2.450568e-06, 0.000009
2.450618e-06, 0.000064
2.450668e-06, 0.001046
2.450718e-06, 0.000907
2.450768e-06, 0.000258
2.450818e-06, 0.001073
2.450868e-06, 0.001516
2.450918e-06, 0.000672
2.450968e-06, 0.000728
2.451018e-06, 0.001018
2.451068e-06, 0.000424
2.451118e-06, 0.000907
2.451168e-06, 0.001723
2.451218e-06, 0.000396
2.451268e-06, -0.000461
2.451318e-06, 0.001129
2.451368e-06, 0.001682
2.451418e-06, 0.000341
2.451468e-06, 0.000285
2.451518e-06, 0.001073
2.451568e-06, 0.000686
2.451618e-06, 0.000451
2.451668e-06, 0.000825
2.451718e-06, 0.000327
2.451768e-06, 0.000009
2.451818e-06, 0.000797
2.451868e-06, 0.000686
2.451918e-06, -0.000323
2.451968e-06, 0.000009
2.452018e-06, 0.000755
2.452068e-06, 0.000050
2.452118e-06, -0.000766
2.452168e-06, -0.000254
2.452218e-06, 0.000479
2.452268e-06, 0.000659
2.452318e-06, 0.000811
2.452368e-06, 0.000728
2.452418e-06, -0.000116
2.452468e-06, -0.000987
2.452518e-06, -0.000807
2.452568e-06, 0.000009
2.452618e-06, 0.000368
2.452668e-06, -0.000116
2.452718e-06, -0.001001
2.452768e-06, -0.001208
2.452818e-06, -0.000337
2.452868e-06, 0.000230
2.452918e-06, -0.000337
2.452968e-06, -0.000614
2.453018e-06, 0.000050
2.453068e-06, 0.000161
2.453118e-06, -0.000503
2.453168e-06, -0.000669
2.453218e-06, -0.000254
2.453268e-06, -0.000143
2.453318e-06, -0.000185
2.453368e-06, 0.000119
2.453418e-06, 0.000175
2.453468e-06, -0.000572
2.453518e-06, -0.001208
2.453568e-06, -0.000710
2.453618e-06, -0.000074
2.453668e-06, -0.000779
2.453718e-06, -0.001817
2.453768e-06, -0.001194
2.453818e-06, 0.000050
2.453868e-06, 0.000009
2.453918e-06, -0.000503
2.453968e-06, -0.000406
2.454018e-06, -0.000627
2.454068e-06, -0.001001
2.454118e-06, -0.000614
2.454168e-06, -0.000323
2.454218e-06, -0.000572
2.454268e-06, -0.000544
2.454318e-06, -0.000531
2.454368e-06, -0.000835
2.454418e-06, -0.000627
2.454468e-06, 0.000078
2.454518e-06, 0.000161
2.454568e-06, -0.000503
2.454618e-06, -0.000655
2.454668e-06, 0.000119
2.454718e-06, 0.000133
2.454768e-06, -0.000738
2.454818e-06, -0.000517
2.454868e-06, 0.000064
2.454918e-06, -0.000309
2.454968e-06, 0.000023
2.455018e-06, 0.000907
2.455068e-06, 0.000368
2.455118e-06, 0.000161
2.455168e-06, 0.001308
2.455218e-06, 0.001419
2.455268e-06, 0.001170
2.455318e-06, 0.002207
2.455368e-06, 0.002456
2.455418e-06, 0.002055
2.455468e-06, 0.003272
2.455518e-06, 0.003825
2.455568e-06, 0.002387
2.455618e-06, 0.002747
2.455668e-06, 0.004558
2.455718e-06, 0.004046
2.455768e-06, 0.002705
2.455818e-06, 0.003327
2.455868e-06, 0.004503
2.455918e-06, 0.005083
2.455968e-06, 0.005374
2.456018e-06, 0.005028
2.456068e-06, 0.004917
2.456118e-06, 0.006452
2.456168e-06, 0.008195
2.456218e-06, 0.008927
2.456268e-06, 0.010504
2.456318e-06, 0.012951
2.456368e-06, 0.014375
2.456418e-06, 0.016436
2.456468e-06, 0.020459
2.456518e-06, 0.023902
2.456568e-06, 0.026751
2.456618e-06, 0.030664
2.456668e-06, 0.034010
2.456718e-06, 0.036886
2.456768e-06, 0.041187
2.456818e-06, 0.044671
2.456868e-06, 0.046137
2.456918e-06, 0.048488
2.456968e-06, 0.051488
2.457018e-06, 0.053341
2.457068e-06, 0.055622
2.457118e-06, 0.058360
2.457168e-06, 0.059785
2.457218e-06, 0.061389
2.457268e-06, 0.064182
2.457318e-06, 0.065965
2.457368e-06, 0.066684
2.457418e-06, 0.068288
2.457468e-06, 0.070017
2.457518e-06, 0.070570
2.457568e-06, 0.070722
2.457618e-06, 0.071012
2.457668e-06, 0.071095
2.457718e-06, 0.070929
2.457768e-06, 0.070611
2.457818e-06, 0.070404
2.457868e-06, 0.070114
2.457918e-06, 0.069118
2.457968e-06, 0.068275
2.458018e-06, 0.068371
2.458068e-06, 0.067818
2.458118e-06, 0.065979
2.458168e-06, 0.064707
2.458218e-06, 0.064292
2.458268e-06, 0.063297
2.458318e-06, 0.061181
2.458368e-06, 0.058526
2.458418e-06, 0.056245
2.458468e-06, 0.054710
2.458518e-06, 0.052940
2.458568e-06, 0.050493
2.458618e-06, 0.047990
2.458668e-06, 0.045473
2.458718e-06, 0.043040
2.458768e-06, 0.041021
2.458818e-06, 0.038670
2.458868e-06, 0.035670
2.458918e-06, 0.033153
2.458968e-06, 0.031452
2.459018e-06, 0.029779
2.459068e-06, 0.027456
2.459118e-06, 0.024386
2.459168e-06, 0.021414
2.459218e-06, 0.019146
2.459268e-06, 0.016671
2.459318e-06, 0.013822
2.459368e-06, 0.011582
2.459418e-06, 0.009384
2.459468e-06, 0.006563
2.459518e-06, 0.004226
2.459568e-06, 0.002373
2.459618e-06, -0.000019
2.459668e-06, -0.002300
2.459718e-06, -0.004126
2.459768e-06, -0.006310
2.459818e-06, -0.008067
2.459868e-06, -0.008786
2.459918e-06, -0.010044
2.459968e-06, -0.011966
2.460018e-06, -0.012906
2.460068e-06, -0.013487
2.460118e-06, -0.014759
2.460168e-06, -0.015796
2.460218e-06, -0.016778
2.460268e-06, -0.018326
2.460318e-06, -0.018672
2.460368e-06, -0.017607
2.460418e-06, -0.017815
2.460468e-06, -0.019115
2.460518e-06, -0.019184
2.460568e-06, -0.018783
2.460618e-06, -0.019267
2.460668e-06, -0.019350
2.460718e-06, -0.018506
2.460768e-06, -0.018257
2.460818e-06, -0.018562
2.460868e-06, -0.018216
2.460918e-06, -0.017566
2.460968e-06, -0.017248
2.461018e-06, -0.016805
2.461068e-06, -0.016169
2.461118e-06, -0.015755
2.461168e-06, -0.015450
2.461218e-06, -0.015146
2.461268e-06, -0.014856
2.461318e-06, -0.014026
2.461368e-06, -0.013044
2.461418e-06, -0.013044
2.461468e-06, -0.013183
2.461518e-06, -0.012325
2.461568e-06, -0.011786
2.461618e-06, -0.011993
2.461668e-06, -0.011620
2.461718e-06, -0.011026
2.461768e-06, -0.010735
2.461818e-06, -0.009753
2.461868e-06, -0.008882
2.461918e-06, -0.009090
2.461968e-06, -0.008426
2.462018e-06, -0.007168
2.462068e-06, -0.007804
2.462118e-06, -0.008136
2.462168e-06, -0.005854
2.462218e-06, -0.004471
2.462268e-06, -0.004817
2.462318e-06, -0.003821
2.462368e-06, -0.002508
2.462418e-06, -0.002522
2.462468e-06, -0.001996
2.462518e-06, -0.001056
2.462568e-06, -0.000641
2.462618e-06, 0.000769
2.462668e-06, 0.002027
2.462718e-06, 0.001239
2.462768e-06, 0.001281
2.462818e-06, 0.003065
2.462868e-06, 0.003258
2.462918e-06, 0.003051
2.462968e-06, 0.004696
2.463018e-06, 0.005291
2.463068e-06, 0.004558
2.463118e-06, 0.005581
2.463168e-06, 0.006494
2.463218e-06, 0.005692
2.463268e-06, 0.005899
2.463318e-06, 0.006563
2.463368e-06, 0.006037
2.463418e-06, 0.006673
2.463468e-06, 0.007973
2.463518e-06, 0.007102
2.463568e-06, 0.006107
2.463618e-06, 0.006881
2.463668e-06, 0.007296
2.463718e-06, 0.007088
2.463768e-06, 0.007254
2.463818e-06, 0.007130
2.463868e-06, 0.006936
2.463918e-06, 0.007102
2.463968e-06, 0.006950
2.464018e-06, 0.007061
2.464068e-06, 0.007821
2.464118e-06, 0.008084
2.464168e-06, 0.007890
2.464218e-06, 0.007683
2.464268e-06, 0.007213
2.464318e-06, 0.007296
2.464368e-06, 0.007987
2.464418e-06, 0.007766
2.464468e-06, 0.007227
2.464518e-06, 0.007683
2.464568e-06, 0.007863
2.464618e-06, 0.007282
2.464668e-06, 0.006922
2.464718e-06, 0.006646
2.464768e-06, 0.006756
2.464818e-06, 0.007531
2.464868e-06, 0.007393
2.464918e-06, 0.006826
2.464968e-06, 0.007489
2.465018e-06, 0.007807
2.465068e-06, 0.007268
2.465118e-06, 0.007904
2.465168e-06, 0.008305
2.465218e-06, 0.006909
2.465268e-06, 0.006328
2.465318e-06, 0.006701
2.465368e-06, 0.005872
2.465418e-06, 0.005484
2.465468e-06, 0.006355
2.465518e-06, 0.006148
2.465568e-06, 0.005346
2.465618e-06, 0.005374
2.465668e-06, 0.004848
2.465718e-06, 0.004019
2.465768e-06, 0.004599
2.465818e-06, 0.005360
2.465868e-06, 0.005056
2.465918e-06, 0.004904
2.465968e-06, 0.005291
2.466018e-06, 0.005401
2.466068e-06, 0.005139
2.466118e-06, 0.004931
2.466168e-06, 0.005277
2.466218e-06, 0.005636
2.466268e-06, 0.005014
2.466318e-06, 0.004530
2.466368e-06, 0.005083
2.466418e-06, 0.005374
2.466468e-06, 0.005609
2.466518e-06, 0.006397
2.466568e-06, 0.006231
2.466618e-06, 0.005775
2.466668e-06, 0.006508
2.466718e-06, 0.006521
2.466768e-06, 0.005526
2.466818e-06, 0.005844
2.466868e-06, 0.006452
2.466918e-06, 0.005872
2.466968e-06, 0.005872
2.467018e-06, 0.006743
2.467068e-06, 0.006784
2.467118e-06, 0.006286
2.467168e-06, 0.006148
2.467218e-06, 0.005941
2.467268e-06, 0.005443
2.467318e-06, 0.005374
2.467368e-06, 0.005540
2.467418e-06, 0.004959
2.467468e-06, 0.004447
2.467518e-06, 0.005042
2.467568e-06, 0.005014
2.467618e-06, 0.004143
2.467668e-06, 0.004945
2.467718e-06, 0.006148
2.467768e-06, 0.005070
2.467818e-06, 0.004226
2.467868e-06, 0.005014
2.467918e-06, 0.004655
2.467968e-06, 0.004240
2.468018e-06, 0.005968
2.468068e-06, 0.006452
2.468118e-06, 0.004586
2.468168e-06, 0.004295
2.468218e-06, 0.005111
2.468268e-06, 0.004503
2.468318e-06, 0.004378
2.468368e-06, 0.005042
2.468418e-06, 0.004516
2.468468e-06, 0.004392
2.468518e-06, 0.005222
2.468568e-06, 0.004599
2.468618e-06, 0.004309
2.468668e-06, 0.005872
2.468718e-06, 0.005318
2.468768e-06, 0.002857
2.468818e-06, 0.003645
2.468868e-06, 0.005927
2.468918e-06, 0.004931
2.468968e-06, 0.003230
2.469018e-06, 0.003825
2.469068e-06, 0.004088
2.469118e-06, 0.003258
2.469168e-06, 0.003659
2.469218e-06, 0.004406
2.469268e-06, 0.003880
2.469318e-06, 0.003479
2.469368e-06, 0.003728
2.469418e-06, 0.003327
2.469468e-06, 0.002774
2.469518e-06, 0.003078
2.469568e-06, 0.003092
2.469618e-06, 0.002097
2.469668e-06, 0.001640
2.469718e-06, 0.002470
2.469768e-06, 0.002802
2.469818e-06, 0.002083
2.469868e-06, 0.002027
2.469918e-06, 0.002442
2.469968e-06, 0.002014
2.470018e-06, 0.001931
2.470068e-06, 0.002719
2.470118e-06, 0.002553
2.470168e-06, 0.001516
2.470218e-06, 0.001336
2.470268e-06, 0.001751
2.470318e-06, 0.001544
2.470368e-06, 0.000714
2.470418e-06, 0.000119
2.470468e-06, 0.000576
2.470518e-06, 0.001115
2.470568e-06, 0.000327
2.470618e-06, -0.000641
2.470668e-06, -0.000378
2.470718e-06, -0.000199
2.470768e-06, -0.000987
2.470818e-06, -0.001263
2.470868e-06, -0.000959
2.470918e-06, -0.001540
2.470968e-06, -0.002287
2.471018e-06, -0.001844
2.471068e-06, -0.001402
2.471118e-06, -0.002259
2.471168e-06, -0.003130
2.471218e-06, -0.002494
2.471268e-06, -0.001554
2.471318e-06, -0.001913
2.471368e-06, -0.002563
2.471418e-06, -0.002356
2.471468e-06, -0.002453
2.471518e-06, -0.003130
2.471568e-06, -0.003268
2.471618e-06, -0.003379
2.471668e-06, -0.003808
2.471718e-06, -0.003310
2.471768e-06, -0.002798
2.471818e-06, -0.003683
2.471868e-06, -0.004444
2.471918e-06, -0.004347
2.471968e-06, -0.004319
2.472018e-06, -0.003835
2.472068e-06, -0.003503
2.472118e-06, -0.004568
2.472168e-06, -0.004720
2.472218e-06, -0.002923
2.472268e-06, -0.002577
2.472318e-06, -0.003904
2.472368e-06, -0.003849
2.472418e-06, -0.003185
2.472468e-06, -0.003351
2.472518e-06, -0.002453
2.472568e-06, -0.000475
2.472618e-06, 0.000092
2.472668e-06, 0.000327
2.472718e-06, 0.002428
2.472768e-06, 0.004945
2.472818e-06, 0.007047
2.472868e-06, 0.010518
2.472918e-06, 0.014168
2.472968e-06, 0.015509
2.473018e-06, 0.016394
2.473068e-06, 0.018178
2.473118e-06, 0.018413
2.473168e-06, 0.017376
2.473218e-06, 0.017321
2.473268e-06, 0.017168
2.473318e-06, 0.016754
2.473368e-06, 0.017832
2.473418e-06, 0.018537
2.473468e-06, 0.017708
2.473518e-06, 0.018441
2.473568e-06, 0.020612
2.473618e-06, 0.021082
2.473668e-06, 0.020750
2.473718e-06, 0.021261
2.473768e-06, 0.021483
2.473818e-06, 0.021344
2.473868e-06, 0.021331
2.473918e-06, 0.020473
2.473968e-06, 0.019491
2.474018e-06, 0.019409
2.474068e-06, 0.018399
2.474118e-06, 0.016989
2.474168e-06, 0.017708
2.474218e-06, 0.018123
2.474268e-06, 0.016449
2.474318e-06, 0.016546
2.474368e-06, 0.017874
2.474418e-06, 0.016615
2.474468e-06, 0.015661
2.474518e-06, 0.016394
2.474568e-06, 0.014541
2.474618e-06, 0.012357
2.474668e-06, 0.013228
2.474718e-06, 0.011942
2.474768e-06, 0.008333
2.474818e-06, 0.008914
2.474868e-06, 0.010296
2.474918e-06, 0.007489
2.474968e-06, 0.006190
2.475018e-06, 0.008042
2.475068e-06, 0.007005
2.475118e-06, 0.004392
2.475168e-06, 0.004337
2.475218e-06, 0.003618
2.475268e-06, 0.001226
2.475318e-06, 0.000949
2.475368e-06, 0.001599
2.475418e-06, 0.000175
2.475468e-06, -0.001554
2.475518e-06, -0.002231
2.475568e-06, -0.002950
2.475618e-06, -0.003448
2.475668e-06, -0.003421
2.475718e-06, -0.003766
2.475768e-06, -0.004153
2.475818e-06, -0.004250
2.475868e-06, -0.005204
2.475918e-06, -0.006545
2.475968e-06, -0.006158
2.476018e-06, -0.005204
2.476068e-06, -0.006366
2.476118e-06, -0.007831
2.476168e-06, -0.007168
2.476218e-06, -0.006725
2.476268e-06, -0.007831
2.476318e-06, -0.007997
2.476368e-06, -0.007099
2.476418e-06, -0.006905
2.476468e-06, -0.006850
2.476518e-06, -0.006670
2.476568e-06, -0.006753
2.476618e-06, -0.006145
2.476668e-06, -0.005425
2.476718e-06, -0.006393
2.476768e-06, -0.007555
2.476818e-06, -0.006808
2.476868e-06, -0.005840
2.476918e-06, -0.006200
2.476968e-06, -0.006753
2.477018e-06, -0.006850
2.477068e-06, -0.006670
2.477118e-06, -0.006131
2.477168e-06, -0.006062
2.477218e-06, -0.006421
2.477268e-06, -0.005564
2.477318e-06, -0.004665
2.477368e-06, -0.005425
2.477418e-06, -0.005163
2.477468e-06, -0.003338
2.477518e-06, -0.003434
2.477568e-06, -0.004126
2.477618e-06, -0.002591
2.477668e-06, -0.002065
2.477718e-06, -0.003462
2.477768e-06, -0.003185
2.477818e-06, -0.002121
2.477868e-06, -0.002010
2.477918e-06, -0.001070
2.477968e-06, -0.000475
2.478018e-06, -0.001692
2.478068e-06, -0.001402
2.478118e-06, 0.000589
2.478168e-06, 0.000424
2.478218e-06, -0.000973
2.478268e-06, -0.000683
2.478318e-06, 0.000078
2.478368e-06, -0.000088
2.478418e-06, -0.000337
2.478468e-06, -0.000019
2.478518e-06, 0.000520
2.478568e-06, 0.000728
2.478618e-06, 0.000797
2.478668e-06, 0.001184
2.478718e-06, 0.001156
2.478768e-06, 0.000977
2.478818e-06, 0.001737
2.478868e-06, 0.002069
2.478918e-06, 0.001226
2.478968e-06, 0.000990
2.479018e-06, 0.001253
2.479068e-06, 0.000825
2.479118e-06, 0.000465
2.479168e-06, 0.000382
2.479218e-06, 0.000285
2.479268e-06, 0.000520
2.479318e-06, 0.000327
2.479368e-06, -0.000157
2.479418e-06, 0.000631
2.479468e-06, 0.001391
2.479518e-06, 0.000396
2.479568e-06, 0.000092
2.479618e-06, 0.001599
2.479668e-06, 0.001931
2.479718e-06, 0.000880
2.479768e-06, 0.001212
2.479818e-06, 0.002249
2.479868e-06, 0.001889
2.479918e-06, 0.001239
2.479968e-06, 0.001447
2.480018e-06, 0.001350
2.480068e-06, 0.001004
2.480118e-06, 0.001613
2.480168e-06, 0.002152
2.480218e-06, 0.001433
2.480268e-06, 0.001004
2.480318e-06, 0.001875
2.480368e-06, 0.002428
2.480418e-06, 0.001931
2.480468e-06, 0.001834
2.480518e-06, 0.002428
2.480568e-06, 0.002359
2.480618e-06, 0.001765
2.480668e-06, 0.002124
2.480718e-06, 0.003313
2.480768e-06, 0.003714
2.480818e-06, 0.003092
2.480868e-06, 0.002401
2.480918e-06, 0.002428
2.480968e-06, 0.003300
2.481018e-06, 0.003867
2.481068e-06, 0.003244
2.481118e-06, 0.003009
2.481168e-06, 0.004350
2.481218e-06, 0.005208
2.481268e-06, 0.004295
2.481318e-06, 0.003714
2.481368e-06, 0.004420
2.481418e-06, 0.004876
2.481468e-06, 0.004890
2.481518e-06, 0.005194
2.481568e-06, 0.005194
2.481618e-06, 0.005305
2.481668e-06, 0.006397
2.481718e-06, 0.006950
2.481768e-06, 0.006190
2.481818e-06, 0.006176
2.481868e-06, 0.007033
2.481918e-06, 0.006480
2.481968e-06, 0.005291
2.482018e-06, 0.005899
2.482068e-06, 0.006701
2.482118e-06, 0.005761
2.482168e-06, 0.005789
2.482218e-06, 0.007448
2.482268e-06, 0.007130
2.482318e-06, 0.005733
2.482368e-06, 0.006591
2.482418e-06, 0.007227
2.482468e-06, 0.005816
2.482518e-06, 0.005498
2.482568e-06, 0.006245
2.482618e-06, 0.005802
2.482668e-06, 0.005609
2.482718e-06, 0.006286
2.482768e-06, 0.005968
2.482818e-06, 0.005208
2.482868e-06, 0.004973
2.482918e-06, 0.004682
2.482968e-06, 0.004973
2.483018e-06, 0.005719
2.483068e-06, 0.005056
2.483118e-06, 0.003963
2.483168e-06, 0.004544
2.483218e-06, 0.005056
2.483268e-06, 0.003880
2.483318e-06, 0.003383
2.483368e-06, 0.004378
2.483418e-06, 0.004295
2.483468e-06, 0.003023
2.483518e-06, 0.002912
2.483568e-06, 0.003313
2.483618e-06, 0.002677
2.483668e-06, 0.002456
2.483718e-06, 0.003300
2.483768e-06, 0.003424
2.483818e-06, 0.002733
2.483868e-06, 0.002498
2.483918e-06, 0.002539
2.483968e-06, 0.002954
2.484018e-06, 0.003618
2.484068e-06, 0.002691
2.484118e-06, 0.001170
2.484168e-06, 0.001751
2.484218e-06, 0.002484
2.484268e-06, 0.001474
2.484318e-06, 0.001447
2.484368e-06, 0.002539
2.484418e-06, 0.001723
2.484468e-06, 0.000548
2.484518e-06, 0.001544
2.484568e-06, 0.002677
2.484618e-06, 0.002041
2.484668e-06, 0.000755
2.484718e-06, 0.000354
2.484768e-06, 0.001101
2.484818e-06, 0.001405
2.484868e-06, 0.000313
2.484918e-06, 0.000258
2.484968e-06, 0.002000
2.485018e-06, 0.002055
2.485068e-06, 0.000548
2.485118e-06, 0.000907
2.485168e-06, 0.001806
2.485218e-06, 0.001004
2.485268e-06, 0.000852
2.485318e-06, 0.001889
2.485368e-06, 0.001751
2.485418e-06, 0.000797
2.485468e-06, 0.000354
2.485518e-06, 0.000188
2.485568e-06, 0.000506
2.485618e-06, 0.001129
2.485668e-06, 0.000852
2.485718e-06, 0.000424
2.485768e-06, 0.000728
2.485818e-06, 0.000424
2.485868e-06, -0.000282
2.485918e-06, 0.000424
2.485968e-06, 0.001447
2.486018e-06, 0.001391
2.486068e-06, 0.001654
2.486118e-06, 0.002484
2.486168e-06, 0.002470
2.486218e-06, 0.002152
2.486268e-06, 0.002498
2.486318e-06, 0.003189
2.486368e-06, 0.003756
2.486418e-06, 0.003535
2.486468e-06, 0.003189
2.486518e-06, 0.004143
2.486568e-06, 0.004572
2.486618e-06, 0.003645
2.486668e-06, 0.004323
2.486718e-06, 0.005609
2.486768e-06, 0.004724
2.486818e-06, 0.004682
2.486868e-06, 0.006328
2.486918e-06, 0.005816
2.486968e-06, 0.005360
2.487018e-06, 0.007752
2.487068e-06, 0.008264
2.487118e-06, 0.006397
2.487168e-06, 0.007171
2.487218e-06, 0.008499
2.487268e-06, 0.007185
2.487318e-06, 0.007005
2.487368e-06, 0.008084
2.487418e-06, 0.006909
2.487468e-06, 0.006397
2.487518e-06, 0.008056
2.487568e-06, 0.007323
2.487618e-06, 0.005816
2.487668e-06, 0.008001
2.487718e-06, 0.009978
2.487768e-06, 0.009812
2.487818e-06, 0.012108
2.487868e-06, 0.015468
2.487918e-06, 0.016560
2.487968e-06, 0.018690
2.488018e-06, 0.022368
2.488068e-06, 0.024290
2.488118e-06, 0.026834
2.488168e-06, 0.031881
2.488218e-06, 0.035517
2.488268e-06, 0.037564
2.488318e-06, 0.041297
2.488368e-06, 0.045238
2.488418e-06, 0.047202
2.488468e-06, 0.048930
2.488518e-06, 0.051516
2.488568e-06, 0.053936
2.488618e-06, 0.056051
2.488668e-06, 0.058250
2.488718e-06, 0.060255
2.488768e-06, 0.061831
2.488818e-06, 0.063393
2.488868e-06, 0.065371
2.488918e-06, 0.066892
2.488968e-06, 0.067542
2.489018e-06, 0.068413
2.489068e-06, 0.069242
2.489118e-06, 0.068952
2.489168e-06, 0.069007
2.489218e-06, 0.069989
2.489268e-06, 0.069962
2.489318e-06, 0.069505
2.489368e-06, 0.069616
2.489418e-06, 0.068399
2.489468e-06, 0.066975
2.489518e-06, 0.067957
2.489568e-06, 0.068344
2.489618e-06, 0.065855
2.489668e-06, 0.064514
2.489718e-06, 0.065274
2.489768e-06, 0.064292
2.489818e-06, 0.062163
2.489868e-06, 0.061693
2.489918e-06, 0.060863
2.489968e-06, 0.058181
2.490018e-06, 0.056397
2.490068e-06, 0.055844
2.490118e-06, 0.054074
2.490168e-06, 0.051737
2.490218e-06, 0.049967
2.490268e-06, 0.047893
2.490318e-06, 0.046261
2.490368e-06, 0.045224
2.490418e-06, 0.042639
2.490468e-06, 0.039610
2.490518e-06, 0.038020
2.490568e-06, 0.035891
2.490618e-06, 0.033001
2.490668e-06, 0.031162
2.490718e-06, 0.028894
2.490768e-06, 0.025769
2.490818e-06, 0.023833
2.490868e-06, 0.021814
2.490918e-06, 0.018759
2.490968e-06, 0.016532
2.491018e-06, 0.014168
2.491068e-06, 0.010725
2.491118e-06, 0.008775
2.491168e-06, 0.007628
2.491218e-06, 0.004364
2.491268e-06, 0.000797
2.491318e-06, -0.001001
2.491368e-06, -0.002494
2.491418e-06, -0.004153
2.491468e-06, -0.005647
2.491518e-06, -0.007500
2.491568e-06, -0.009228
2.491618e-06, -0.010362
2.491668e-06, -0.011565
2.491718e-06, -0.012837
2.491768e-06, -0.013915
2.491818e-06, -0.015215
2.491868e-06, -0.016598
2.491918e-06, -0.017234
2.491968e-06, -0.017303
2.492018e-06, -0.018299
2.492068e-06, -0.019944
2.492118e-06, -0.019944
2.492168e-06, -0.019059
2.492218e-06, -0.019737
2.492268e-06, -0.020553
2.492318e-06, -0.020083
2.492368e-06, -0.020304
2.492418e-06, -0.020898
2.492468e-06, -0.020594
2.492518e-06, -0.021050
2.492568e-06, -0.022046
2.492618e-06, -0.021797
2.492668e-06, -0.021451
2.492718e-06, -0.021604
2.492768e-06, -0.021203
2.492818e-06, -0.021272
2.492868e-06, -0.021590
2.492918e-06, -0.020484
2.492968e-06, -0.019917
2.493018e-06, -0.020995
2.493068e-06, -0.020580
2.493118e-06, -0.018852
2.493168e-06, -0.018783
2.493218e-06, -0.018921
2.493268e-06, -0.017995
2.493318e-06, -0.018078
2.493368e-06, -0.018008
2.493418e-06, -0.016266
2.493468e-06, -0.015824
2.493518e-06, -0.016667
2.493568e-06, -0.015243
2.493618e-06, -0.013335
2.493668e-06, -0.013584
2.493718e-06, -0.013058
2.493768e-06, -0.010735
2.493818e-06, -0.009767
2.493868e-06, -0.009892
2.493918e-06, -0.009034
2.493968e-06, -0.008371
2.494018e-06, -0.008426
2.494068e-06, -0.007444
2.494118e-06, -0.006089
2.494168e-06, -0.005854
2.494218e-06, -0.005495
2.494268e-06, -0.004471
2.494318e-06, -0.004153
2.494368e-06, -0.003891
2.494418e-06, -0.002605
2.494468e-06, -0.001664
2.494518e-06, -0.001595
2.494568e-06, -0.001125
2.494618e-06, -0.000641
2.494668e-06, -0.000876
2.494718e-06, -0.000434
2.494768e-06, 0.000645
2.494818e-06, 0.000437
2.494868e-06, -0.000102
2.494918e-06, 0.000838
2.494968e-06, 0.001502
2.495018e-06, 0.000935
2.495068e-06, 0.001184
2.495118e-06, 0.001696
2.495168e-06, 0.001073
2.495218e-06, 0.001308
2.495268e-06, 0.002691
2.495318e-06, 0.002816
2.495368e-06, 0.002456
2.495418e-06, 0.003161
2.495468e-06, 0.003410
2.495518e-06, 0.003051
2.495568e-06, 0.003479
2.495618e-06, 0.004212
2.495668e-06, 0.004599
2.495718e-06, 0.004848
2.495768e-06, 0.004848
2.495818e-06, 0.004959
2.495868e-06, 0.005318
2.495918e-06, 0.005567
2.495968e-06, 0.005927
2.496018e-06, 0.005913
2.496068e-06, 0.005194
2.496118e-06, 0.005263
2.496168e-06, 0.005747
2.496218e-06, 0.005056
2.496268e-06, 0.005014
2.496318e-06, 0.005968
2.496368e-06, 0.005346
2.496418e-06, 0.004710
2.496468e-06, 0.005650
2.496518e-06, 0.005000
2.496568e-06, 0.003493
2.496618e-06, 0.004710
2.496668e-06, 0.005733
2.496718e-06, 0.003880
2.496768e-06, 0.002995
2.496818e-06, 0.003908
2.496868e-06, 0.003604
2.496918e-06, 0.002774
2.496968e-06, 0.002760
2.497018e-06, 0.002511
2.497068e-06, 0.002221
2.497118e-06, 0.002124
2.497168e-06, 0.001350
2.497218e-06, 0.001115
2.497268e-06, 0.002166
2.497318e-06, 0.002014
2.497368e-06, 0.000631
2.497418e-06, 0.001073
2.497468e-06, 0.002387
2.497518e-06, 0.001834
2.497568e-06, 0.001101
2.497618e-06, 0.001682
2.497668e-06, 0.001239
2.497718e-06, 0.000382
2.497768e-06, 0.001640
2.497818e-06, 0.002581
2.497868e-06, 0.001405
2.497918e-06, 0.001419
2.497968e-06, 0.002829
2.498018e-06, 0.002387
2.498068e-06, 0.001281
2.498118e-06, 0.001544
2.498168e-06, 0.001640
2.498218e-06, 0.001226
2.498268e-06, 0.001571
2.498318e-06, 0.001834
2.498368e-06, 0.001115
2.498418e-06, 0.000396
2.498468e-06, 0.000479
2.498518e-06, 0.000755
2.498568e-06, 0.000520
2.498618e-06, 0.000244
2.498668e-06, 0.000479
2.498718e-06, 0.000285
2.498768e-06, -0.000351
2.498818e-06, -0.000240
2.498868e-06, 0.000105
2.498918e-06, -0.000143
2.498968e-06, -0.000130
2.499018e-06, 0.000036
2.499068e-06, -0.000254
2.499118e-06, -0.000171
2.499168e-06, 0.000133
2.499218e-06, 0.000147
2.499268e-06, 0.000852
2.499318e-06, 0.001419
2.499368e-06, 0.000437
2.499418e-06, 0.000202
2.499468e-06, 0.001723
2.499518e-06, 0.001751
2.499568e-06, 0.000244
2.499618e-06, 0.000603
2.499668e-06, 0.001972
2.499718e-06, 0.001820
2.499768e-06, 0.001378
2.499818e-06, 0.001530
2.499868e-06, 0.001101
2.499918e-06, 0.000410
2.499968e-06, 0.000659
2.500018e-06, 0.001378
2.500068e-06, 0.001571
2.500118e-06, 0.001267
2.500168e-06, 0.001350
2.500218e-06, 0.001792
2.500268e-06, 0.001378
2.500318e-06, 0.000451
2.500368e-06, 0.000589
2.500418e-06, 0.001032
2.500468e-06, 0.000949
2.500518e-06, 0.001626
2.500568e-06, 0.002387
2.500618e-06, 0.001461
2.500668e-06, 0.000659
2.500718e-06, 0.001322
2.500768e-06, 0.001336
2.500818e-06, 0.001129
2.500868e-06, 0.002235
2.500918e-06, 0.002415
2.500968e-06, 0.001613
2.501018e-06, 0.002871
2.501068e-06, 0.004212
2.501118e-06, 0.002857
2.501168e-06, 0.002083
2.501218e-06, 0.003244
2.501268e-06, 0.003051
2.501318e-06, 0.002498
2.501368e-06, 0.003576
2.501418e-06, 0.003479
2.501468e-06, 0.002290
2.501518e-06, 0.003092
2.501568e-06, 0.003742
2.501618e-06, 0.002733
2.501668e-06, 0.003244
2.501718e-06, 0.004378
2.501768e-06, 0.003272
2.501818e-06, 0.002705
2.501868e-06, 0.004268
2.501918e-06, 0.004779
2.501968e-06, 0.004046
2.502018e-06, 0.004198
2.502068e-06, 0.004558
2.502118e-06, 0.004254
2.502168e-06, 0.004019
2.502218e-06, 0.003908
2.502268e-06, 0.003880
2.502318e-06, 0.004240
2.502368e-06, 0.004350
2.502418e-06, 0.003549
2.502468e-06, 0.002899
2.502518e-06, 0.003562
2.502568e-06, 0.004682
2.502618e-06, 0.004682
2.502668e-06, 0.004129
2.502718e-06, 0.004613
2.502768e-06, 0.005180
2.502818e-06, 0.004268
2.502868e-06, 0.003479
2.502918e-06, 0.004198
2.502968e-06, 0.004475
2.503018e-06, 0.003811
2.503068e-06, 0.004143
2.503118e-06, 0.004793
2.503168e-06, 0.004420
2.503218e-06, 0.004268
2.503268e-06, 0.004586
2.503318e-06, 0.004779
2.503368e-06, 0.005954
2.503418e-06, 0.007351
2.503468e-06, 0.007586
2.503518e-06, 0.008941
2.503568e-06, 0.012025
2.503618e-06, 0.013961
2.503668e-06, 0.015426
2.503718e-06, 0.018800
2.503768e-06, 0.022091
2.503818e-06, 0.023211
2.503868e-06, 0.023418
2.503918e-06, 0.023654
2.503968e-06, 0.023861
2.504018e-06, 0.023944
2.504068e-06, 0.023529
2.504118e-06, 0.023266
2.504168e-06, 0.023902
2.504218e-06, 0.024317
2.504268e-06, 0.024608
2.504318e-06, 0.025866
2.504368e-06, 0.026986
2.504418e-06, 0.027290
2.504468e-06, 0.028037
2.504518e-06, 0.028687
2.504568e-06, 0.028438
2.504618e-06, 0.028535
2.504668e-06, 0.028770
2.504718e-06, 0.027802
2.504768e-06, 0.026779
2.504818e-06, 0.026557
2.504868e-06, 0.026032
2.504918e-06, 0.025423
2.504968e-06, 0.025313
2.505018e-06, 0.024801
2.505068e-06, 0.024621
2.505118e-06, 0.025548
2.505168e-06, 0.025368
2.505218e-06, 0.023695
2.505268e-06, 0.023336
2.505318e-06, 0.023612
2.505368e-06, 0.021842
2.505418e-06, 0.019602
2.505468e-06, 0.018731
2.505518e-06, 0.017777
2.505568e-06, 0.016491
2.505618e-06, 0.015620
2.505668e-06, 0.014417
2.505718e-06, 0.013836
2.505768e-06, 0.014707
2.505818e-06, 0.014113
2.505868e-06, 0.011734
2.505918e-06, 0.011167
2.505968e-06, 0.011568
2.506018e-06, 0.010034
2.506068e-06, 0.008195
2.506118e-06, 0.007420
2.506168e-06, 0.006494
2.506218e-06, 0.005581
2.506268e-06, 0.004834
2.506318e-06, 0.003217
2.506368e-06, 0.001958
2.506418e-06, 0.002235
2.506468e-06, 0.002387
2.506518e-06, 0.001626
2.506568e-06, 0.001087
2.506618e-06, 0.000700
2.506668e-06, 0.000175
2.506718e-06, 0.000064
2.506768e-06, -0.000171
2.506818e-06, -0.001153
2.506868e-06, -0.001969
2.506918e-06, -0.002287
2.506968e-06, -0.002674
2.507018e-06, -0.002646
2.507068e-06, -0.002342
2.507118e-06, -0.002715
2.507168e-06, -0.002978
2.507218e-06, -0.002522
2.507268e-06, -0.002854
2.507318e-06, -0.003766
2.507368e-06, -0.003932
2.507418e-06, -0.004153
2.507468e-06, -0.004623
2.507518e-06, -0.004430
2.507568e-06, -0.004471
2.507618e-06, -0.004679
2.507668e-06, -0.003752
2.507718e-06, -0.003628
2.507768e-06, -0.005343
2.507818e-06, -0.005674
2.507868e-06, -0.004554
2.507918e-06, -0.004914
2.507968e-06, -0.005412
2.508018e-06, -0.004416
2.508068e-06, -0.004209
2.508118e-06, -0.004734
2.508168e-06, -0.003891
2.508218e-06, -0.002701
2.508268e-06, -0.002577
2.508318e-06, -0.003116
2.508368e-06, -0.003904
2.508418e-06, -0.003780
2.508468e-06, -0.002259
2.508518e-06, -0.001333
2.508568e-06, -0.001595
2.508618e-06, -0.001360
2.508668e-06, -0.000627
2.508718e-06, -0.000683
2.508768e-06, -0.001180
2.508818e-06, -0.000876
2.508868e-06, -0.000157
2.508918e-06, -0.000420
2.508968e-06, -0.000683
2.509018e-06, 0.000811
2.509068e-06, 0.001806
2.509118e-06, 0.001032
2.509168e-06, 0.001405
2.509218e-06, 0.002235
2.509268e-06, 0.000700
2.509318e-06, 0.000202
2.509368e-06, 0.002428
2.509418e-06, 0.002774
2.509468e-06, 0.001419
2.509518e-06, 0.002263
2.509568e-06, 0.003175
2.509618e-06, 0.002442
2.509668e-06, 0.003092
2.509718e-06, 0.004489
2.509768e-06, 0.003825
2.509818e-06, 0.002747
2.509868e-06, 0.002940
2.509918e-06, 0.003203
2.509968e-06, 0.003175
2.510018e-06, 0.002982
2.510068e-06, 0.002594
2.510118e-06, 0.002747
2.510168e-06, 0.002995
2.510218e-06, 0.002428
2.510268e-06, 0.002373
2.510318e-06, 0.003078
2.510368e-06, 0.002899
2.510418e-06, 0.002456
2.510468e-06, 0.002968
2.510518e-06, 0.003051
2.510568e-06, 0.002290
2.510618e-06, 0.002124
2.510668e-06, 0.002235
2.510718e-06, 0.001931
2.510768e-06, 0.001917
2.510818e-06, 0.001986
2.510868e-06, 0.001723
2.510918e-06, 0.002027
2.510968e-06, 0.002498
2.511018e-06, 0.002027
2.511068e-06, 0.001709
2.511118e-06, 0.001986
2.511168e-06, 0.001530
2.511218e-06, 0.001060
2.511268e-06, 0.001378
2.511318e-06, 0.001308
2.511368e-06, 0.001198
2.511418e-06, 0.001986
2.511468e-06, 0.002193
2.511518e-06, 0.001391
2.511568e-06, 0.000838
2.511618e-06, 0.000645
2.511668e-06, 0.000811
2.511718e-06, 0.001115
2.511768e-06, 0.000838
2.511818e-06, 0.000852
2.511868e-06, 0.001350
2.511918e-06, 0.000825
2.511968e-06, 0.000161
2.512018e-06, 0.000728
2.512068e-06, 0.001004
2.512118e-06, 0.000617
2.512168e-06, 0.000838
2.512218e-06, 0.001170
2.512268e-06, 0.001115
2.512318e-06, 0.001073
2.512368e-06, 0.000424
2.512418e-06, -0.000434
2.512468e-06, 0.000105
2.512518e-06, 0.001143
2.512568e-06, 0.000949
2.512618e-06, 0.000479
2.512668e-06, 0.000811
2.512718e-06, 0.000852
2.512768e-06, 0.000202
2.512818e-06, 0.000313
2.512868e-06, 0.001599
2.512918e-06, 0.002442
2.512968e-06, 0.001862
2.513018e-06, 0.001170
2.513068e-06, 0.001613
2.513118e-06, 0.002124
2.513168e-06, 0.001792
2.513218e-06, 0.001751
2.513268e-06, 0.002221
2.513318e-06, 0.001903
2.513368e-06, 0.001613
2.513418e-06, 0.002567
2.513468e-06, 0.002802
2.513518e-06, 0.001599
2.513568e-06, 0.001544
2.513618e-06, 0.002332
2.513668e-06, 0.002166
2.513718e-06, 0.002594
2.513768e-06, 0.003161
2.513818e-06, 0.001668
2.513868e-06, 0.000907
2.513918e-06, 0.002207
2.513968e-06, 0.001737
2.514018e-06, 0.000548
2.514068e-06, 0.001474
2.514118e-06, 0.001599
2.514168e-06, 0.000424
2.514218e-06, 0.001032
2.514268e-06, 0.001654
2.514318e-06, 0.000783
2.514368e-06, 0.001101
2.514418e-06, 0.002235
2.514468e-06, 0.002110
2.514518e-06, 0.001571
2.514568e-06, 0.001226
2.514618e-06, 0.000949
2.514668e-06, 0.001143
2.514718e-06, 0.001018
2.514768e-06, 0.000589
2.514818e-06, 0.001143
2.514868e-06, 0.001516
2.514918e-06, 0.000838
2.514968e-06, 0.001018
2.515018e-06, 0.002014
2.515068e-06, 0.001806
2.515118e-06, 0.001073
2.515168e-06, 0.001060
2.515218e-06, 0.001170
2.515268e-06, 0.001226
2.515318e-06, 0.001405
2.515368e-06, 0.001239
2.515418e-06, 0.000963
2.515468e-06, 0.001156
2.515518e-06, 0.001516
2.515568e-06, 0.001474
2.515618e-06, 0.001115
2.515668e-06, 0.000811
2.515718e-06, 0.000894
2.515768e-06, 0.000921
2.515818e-06, 0.000506
2.515868e-06, 0.000424
2.515918e-06, 0.000949
2.515968e-06, 0.001212
2.516018e-06, 0.001226
2.516068e-06, 0.001364
2.516118e-06, 0.001198
2.516168e-06, 0.000838
2.516218e-06, 0.000603
2.516268e-06, 0.000354
2.516318e-06, 0.000769
2.516368e-06, 0.001544
2.516418e-06, 0.000686
2.516468e-06, -0.000586
2.516518e-06, 0.000576
2.516568e-06, 0.001917
2.516618e-06, 0.000825
2.516668e-06, 0.000188
2.516718e-06, 0.001184
2.516768e-06, 0.001046
2.516818e-06, 0.000396
2.516868e-06, 0.001073
2.516918e-06, 0.001281
2.516968e-06, 0.000576
2.517018e-06, 0.000894
2.517068e-06, 0.001143
2.517118e-06, 0.000216
2.517168e-06, 0.000147
2.517218e-06, 0.001101
2.517268e-06, 0.001308
2.517318e-06, 0.001419
2.517368e-06, 0.001917
2.517418e-06, 0.001585
2.517468e-06, 0.001405
2.517518e-06, 0.002498
2.517568e-06, 0.002912
2.517618e-06, 0.001945
2.517668e-06, 0.001571
2.517718e-06, 0.002318
2.517768e-06, 0.003189
2.517818e-06, 0.003396
2.517868e-06, 0.002871
2.517918e-06, 0.002691
2.517968e-06, 0.003327
2.518018e-06, 0.003714
2.518068e-06, 0.003756
2.518118e-06, 0.004088
2.518168e-06, 0.004254
2.518218e-06, 0.004226
2.518268e-06, 0.004544
2.518318e-06, 0.004710
2.518368e-06, 0.004350
2.518418e-06, 0.004406
2.518468e-06, 0.005249
2.518518e-06, 0.006065
2.518568e-06, 0.006452
2.518618e-06, 0.006936
2.518668e-06, 0.007794
2.518718e-06, 0.008568
2.518768e-06, 0.009577
2.518818e-06, 0.011250
2.518868e-06, 0.012716
2.518918e-06, 0.014113
2.518968e-06, 0.016767
2.519018e-06, 0.019630
2.519068e-06, 0.021593
2.519118e-06, 0.024815
2.519168e-06, 0.029655
2.519218e-06, 0.033568
2.519268e-06, 0.037011
2.519318e-06, 0.041131
2.519368e-06, 0.044381
2.519418e-06, 0.046980
2.519468e-06, 0.050188
2.519518e-06, 0.052525
2.519568e-06, 0.054433
2.519618e-06, 0.057835
2.519668e-06, 0.060379
2.519718e-06, 0.061057
2.519768e-06, 0.063297
2.519818e-06, 0.066325
2.519868e-06, 0.067141
2.519918e-06, 0.068316
2.519968e-06, 0.071524
2.520018e-06, 0.073460
2.520068e-06, 0.073570
2.520118e-06, 0.073944
2.520168e-06, 0.074262
2.520218e-06, 0.074649
2.520268e-06, 0.075728
2.520318e-06, 0.075990
2.520368e-06, 0.075382
2.520418e-06, 0.075313
2.520468e-06, 0.074829
2.520518e-06, 0.073930
2.520568e-06, 0.074400
2.520618e-06, 0.074538
2.520668e-06, 0.072976
2.520718e-06, 0.072340
2.520768e-06, 0.072285
2.520818e-06, 0.070362
2.520868e-06, 0.068579
2.520918e-06, 0.068233
2.520968e-06, 0.067058
2.521018e-06, 0.065398
2.521068e-06, 0.064403
2.521118e-06, 0.062495
2.521168e-06, 0.059923
2.521218e-06, 0.058374
2.521268e-06, 0.056521
2.521318e-06, 0.053576
2.521368e-06, 0.051336
2.521418e-06, 0.049926
2.521468e-06, 0.048004
2.521518e-06, 0.045584
2.521568e-06, 0.043192
2.521618e-06, 0.040813
2.521668e-06, 0.038324
2.521718e-06, 0.035877
2.521768e-06, 0.033347
2.521818e-06, 0.030526
2.521868e-06, 0.027802
2.521918e-06, 0.025022
2.521968e-06, 0.021524
2.522018e-06, 0.018966
2.522068e-06, 0.018371
2.522118e-06, 0.016394
2.522168e-06, 0.012163
2.522218e-06, 0.009688
2.522268e-06, 0.008720
2.522318e-06, 0.005830
2.522368e-06, 0.002567
2.522418e-06, 0.001198
2.522468e-06, -0.000157
2.522518e-06, -0.002356
2.522568e-06, -0.004126
2.522618e-06, -0.005343
2.522668e-06, -0.006628
2.522718e-06, -0.008274
2.522768e-06, -0.009795
2.522818e-06, -0.010583
2.522868e-06, -0.011924
2.522918e-06, -0.014247
2.522968e-06, -0.015284
2.523018e-06, -0.015105
2.523068e-06, -0.016128
2.523118e-06, -0.017566
2.523168e-06, -0.017912
2.523218e-06, -0.018105
2.523268e-06, -0.018506
2.523318e-06, -0.018990
2.523368e-06, -0.019626
2.523418e-06, -0.019682
2.523468e-06, -0.019723
2.523518e-06, -0.020497
2.523568e-06, -0.020401
2.523618e-06, -0.019695
2.523668e-06, -0.020138
2.523718e-06, -0.020069
2.523768e-06, -0.018976
2.523818e-06, -0.019336
2.523868e-06, -0.019861
2.523918e-06, -0.018617
2.523968e-06, -0.017995
2.524018e-06, -0.018658
2.524068e-06, -0.018548
2.524118e-06, -0.018243
2.524168e-06, -0.018202
2.524218e-06, -0.017345
2.524268e-06, -0.016543
2.524318e-06, -0.016252
2.524368e-06, -0.015215
2.524418e-06, -0.014026
2.524468e-06, -0.013833
2.524518e-06, -0.013432
2.524568e-06, -0.012560
2.524618e-06, -0.012298
2.524668e-06, -0.011565
2.524718e-06, -0.009767
2.524768e-06, -0.009131
2.524818e-06, -0.009574
2.524868e-06, -0.008675
2.524918e-06, -0.007389
2.524968e-06, -0.007472
2.525018e-06, -0.007278
2.525068e-06, -0.005633
2.525118e-06, -0.004140
2.525168e-06, -0.003614
2.525218e-06, -0.003628
2.525268e-06, -0.003656
2.525318e-06, -0.002854
2.525368e-06, -0.001485
2.525418e-06, -0.000918
2.525468e-06, -0.000752
2.525518e-06, 0.000092
2.525568e-06, 0.000852
2.525618e-06, 0.000907
2.525668e-06, 0.001032
2.525718e-06, 0.001792
2.525768e-06, 0.003230
2.525818e-06, 0.004433
2.525868e-06, 0.004185
2.525918e-06, 0.003383
2.525968e-06, 0.003576
2.526018e-06, 0.003963
2.526068e-06, 0.004226
2.526118e-06, 0.005014
2.526168e-06, 0.005125
2.526218e-06, 0.004475
2.526268e-06, 0.005318
2.526318e-06, 0.006591
2.526368e-06, 0.006134
2.526418e-06, 0.005899
2.526468e-06, 0.006881
2.526518e-06, 0.006784
2.526568e-06, 0.005968
2.526618e-06, 0.006203
2.526668e-06, 0.006397
2.526718e-06, 0.006093
2.526768e-06, 0.006618
2.526818e-06, 0.007061
2.526868e-06, 0.006383
2.526918e-06, 0.006383
2.526968e-06, 0.007420
2.527018e-06, 0.007337
2.527068e-06, 0.006452
2.527118e-06, 0.006549
2.527168e-06, 0.007116
2.527218e-06, 0.007213
2.527268e-06, 0.007130
2.527318e-06, 0.006853
2.527368e-06, 0.006010
2.527418e-06, 0.005360
2.527468e-06, 0.005747
2.527518e-06, 0.006203
2.527568e-06, 0.005526
2.527618e-06, 0.005097
2.527668e-06, 0.005747
2.527718e-06, 0.005415
2.527768e-06, 0.004378
2.527818e-06, 0.004931
2.527868e-06, 0.005540
2.527918e-06, 0.004655
2.527968e-06, 0.004461
2.528018e-06, 0.004821
2.528068e-06, 0.003991
2.528118e-06, 0.003867
2.528168e-06, 0.004530
2.528218e-06, 0.003023
2.528268e-06, 0.001115
2.528318e-06, 0.001862
2.528368e-06, 0.002816
2.528418e-06, 0.002097
2.528468e-06, 0.001737
2.528518e-06, 0.002152
2.528568e-06, 0.002124
2.528618e-06, 0.001834
2.528668e-06, 0.001640
2.528718e-06, 0.001322
2.528768e-06, 0.000714
2.528818e-06, 0.000147
2.528868e-06, 0.000119
2.528918e-06, 0.000258
2.528968e-06, 0.000382
2.529018e-06, 0.001129
2.529068e-06, 0.001405
2.529118e-06, 0.000202
2.529168e-06, -0.000641
2.529218e-06, -0.000572
2.529268e-06, -0.000987
2.529318e-06, -0.001125
2.529368e-06, -0.000655
2.529418e-06, -0.001167
2.529468e-06, -0.001803
2.529518e-06, -0.001554
2.529568e-06, -0.001692
2.529618e-06, -0.001720
2.529668e-06, -0.000821
2.529718e-06, -0.000973
2.529768e-06, -0.001830
2.529818e-06, -0.001250
2.529868e-06, -0.001056
2.529918e-06, -0.002494
2.529968e-06, -0.002522
2.530018e-06, -0.001263
2.530068e-06, -0.001526
2.530118e-06, -0.001651
2.530168e-06, -0.000600
2.530218e-06, -0.000973
2.530268e-06, -0.001692
2.530318e-06, -0.000627
2.530368e-06, -0.000282
2.530418e-06, -0.001222
2.530468e-06, -0.000779
2.530518e-06, -0.000088
2.530568e-06, -0.000461
2.530618e-06, -0.000005
2.530668e-06, 0.000354
2.530718e-06, -0.000945
2.530768e-06, -0.001277
2.530818e-06, -0.000171
2.530868e-06, -0.000323
2.530918e-06, -0.000627
2.530968e-06, -0.000171
2.531018e-06, -0.000973
2.531068e-06, -0.001402
2.531118e-06, 0.000147
2.531168e-06, 0.000064
2.531218e-06, -0.001554
2.531268e-06, -0.000932
2.531318e-06, 0.000092
2.531368e-06, -0.000406
2.531418e-06, -0.000199
2.531468e-06, -0.000420
2.531518e-06, -0.002065
2.531568e-06, -0.001402
2.531618e-06, 0.000506
2.531668e-06, -0.000434
2.531718e-06, -0.001416
2.531768e-06, 0.000147
2.531818e-06, 0.000700
2.531868e-06, -0.000226
2.531918e-06, 0.000133
2.531968e-06, 0.000659
2.532018e-06, 0.000299
2.532068e-06, 0.000645
2.532118e-06, 0.001156
2.532168e-06, 0.000894
2.532218e-06, 0.001004
2.532268e-06, 0.001585
2.532318e-06, 0.001889
2.532368e-06, 0.002180
2.532418e-06, 0.002180
2.532468e-06, 0.001585
2.532518e-06, 0.001391
2.532568e-06, 0.001530
2.532618e-06, 0.001295
2.532668e-06, 0.001391
2.532718e-06, 0.001848
2.532768e-06, 0.001723
2.532818e-06, 0.001530
2.532868e-06, 0.001875
2.532918e-06, 0.002235
2.532968e-06, 0.002511
2.533018e-06, 0.002636
2.533068e-06, 0.002069
2.533118e-06, 0.001599
2.533168e-06, 0.002110
2.533218e-06, 0.002650
2.533268e-06, 0.002207
2.533318e-06, 0.001530
2.533368e-06, 0.001350
2.533418e-06, 0.001696
2.533468e-06, 0.002263
2.533518e-06, 0.002166
2.533568e-06, 0.001391
2.533618e-06, 0.001474
2.533668e-06, 0.002055
2.533718e-06, 0.001862
2.533768e-06, 0.002097
2.533818e-06, 0.002926
2.533868e-06, 0.002276
2.533918e-06, 0.001322
2.533968e-06, 0.002180
2.534018e-06, 0.002843
2.534068e-06, 0.002027
2.534118e-06, 0.001806
2.534168e-06, 0.002442
2.534218e-06, 0.002719
2.534268e-06, 0.002719
2.534318e-06, 0.002373
2.534368e-06, 0.002000
2.534418e-06, 0.002691
2.534468e-06, 0.003272
2.534518e-06, 0.002774
2.534568e-06, 0.003120
2.534618e-06, 0.004337
2.534668e-06, 0.004931
2.534718e-06, 0.006494
2.534768e-06, 0.009287
2.534818e-06, 0.011029
2.534868e-06, 0.013062
2.534918e-06, 0.016615
2.534968e-06, 0.018952
2.535018e-06, 0.019906
2.535068e-06, 0.021510
2.535118e-06, 0.022423
2.535168e-06, 0.022188
2.535218e-06, 0.022451
2.535268e-06, 0.022354
2.535318e-06, 0.021911
2.535368e-06, 0.022921
2.535418e-06, 0.023405
2.535468e-06, 0.022174
2.535518e-06, 0.022686
2.535568e-06, 0.024774
2.535618e-06, 0.025216
2.535668e-06, 0.025451
2.535718e-06, 0.026599
2.535768e-06, 0.026378
2.535818e-06, 0.025935
2.535868e-06, 0.026723
2.535918e-06, 0.026087
2.535968e-06, 0.024608
2.536018e-06, 0.025092
2.536068e-06, 0.025147
2.536118e-06, 0.023322
2.536168e-06, 0.022990
2.536218e-06, 0.023819
2.536268e-06, 0.023280
2.536318e-06, 0.023128
2.536368e-06, 0.023792
2.536418e-06, 0.022893
2.536468e-06, 0.021787
2.536518e-06, 0.021980
2.536568e-06, 0.020916
2.536618e-06, 0.018911
2.536668e-06, 0.018454
2.536718e-06, 0.017680
2.536768e-06, 0.015910
2.536818e-06, 0.015966
2.536868e-06, 0.015938
2.536918e-06, 0.013407
2.536968e-06, 0.012246
2.537018e-06, 0.012827
2.537068e-06, 0.011237
2.537118e-06, 0.009646
2.537168e-06, 0.009964
2.537218e-06, 0.008692
2.537268e-06, 0.006867
2.537318e-06, 0.007005
2.537368e-06, 0.005844
2.537418e-06, 0.003479
2.537468e-06, 0.003327
2.537518e-06, 0.002968
2.537568e-06, 0.001170
2.537618e-06, 0.000825
2.537668e-06, 0.000548
2.537718e-06, -0.001070
2.537768e-06, -0.001291
2.537818e-06, -0.001056
2.537868e-06, -0.002397
2.537918e-06, -0.003185
2.537968e-06, -0.003006
2.538018e-06, -0.003365
2.538068e-06, -0.003600
2.538118e-06, -0.003711
2.538168e-06, -0.004222
2.538218e-06, -0.004333
2.538268e-06, -0.004458
2.538318e-06, -0.004997
2.538368e-06, -0.004610
2.538418e-06, -0.003932
2.538468e-06, -0.004236
2.538518e-06, -0.004458
2.538568e-06, -0.004209
2.538618e-06, -0.004513
2.538668e-06, -0.004706
2.538718e-06, -0.003904
2.538768e-06, -0.003351
2.538818e-06, -0.003932
2.538868e-06, -0.004776
2.538918e-06, -0.004997
2.538968e-06, -0.004637
2.539018e-06, -0.004140
2.539068e-06, -0.003863
2.539118e-06, -0.003821
2.539168e-06, -0.003849
2.539218e-06, -0.004057
2.539268e-06, -0.004167
2.539318e-06, -0.003628
2.539368e-06, -0.003033
2.539418e-06, -0.003116
2.539468e-06, -0.003020
2.539518e-06, -0.002453
2.539568e-06, -0.002425
2.539618e-06, -0.002453
2.539668e-06, -0.001471
2.539718e-06, -0.000614
2.539768e-06, -0.001125
2.539818e-06, -0.001734
2.539868e-06, -0.001028
2.539918e-06, -0.000019
2.539968e-06, 0.000258
2.540018e-06, 0.000313
2.540068e-06, 0.000811
2.540118e-06, 0.001336
2.540168e-06, 0.001060
2.540218e-06, 0.000617
2.540268e-06, 0.001488
2.540318e-06, 0.002373
2.540368e-06, 0.001613
2.540418e-06, 0.001433
2.540468e-06, 0.003023
2.540518e-06, 0.003645
2.540568e-06, 0.003369
2.540618e-06, 0.003880
2.540668e-06, 0.003369
2.540718e-06, 0.002207
2.540768e-06, 0.003604
2.540818e-06, 0.005097
2.540868e-06, 0.003521
2.540918e-06, 0.002553
2.540968e-06, 0.003770
2.541018e-06, 0.003327
2.541068e-06, 0.002000
2.541118e-06, 0.002829
2.541168e-06, 0.003327
2.541218e-06, 0.002097
2.541268e-06, 0.001875
2.541318e-06, 0.001945
2.541368e-06, 0.000825
2.541418e-06, 0.001018
2.541468e-06, 0.002000
2.541518e-06, 0.001267
2.541568e-06, 0.001267
2.541618e-06, 0.003037
2.541668e-06, 0.002829
2.541718e-06, 0.001350
2.541768e-06, 0.001875
2.541818e-06, 0.002705
2.541868e-06, 0.002193
2.541918e-06, 0.001862
2.541968e-06, 0.001723
2.542018e-06, 0.001447
2.542068e-06, 0.001972
2.542118e-06, 0.002359
2.542168e-06, 0.001696
2.542218e-06, 0.001461
2.542268e-06, 0.002124
2.542318e-06, 0.002581
2.542368e-06, 0.002346
2.542418e-06, 0.001364
2.542468e-06, 0.000755
2.542518e-06, 0.001696
2.542568e-06, 0.002373
2.542618e-06, 0.001544
2.542668e-06, 0.001433
2.542718e-06, 0.002235
2.542768e-06, 0.002097
2.542818e-06, 0.001945
2.542868e-06, 0.002318
2.542918e-06, 0.001405
2.542968e-06, -0.000047
2.543018e-06, 0.000188
2.543068e-06, 0.001170
2.543118e-06, 0.001198
2.543168e-06, 0.000617
2.543218e-06, 0.000465
2.543268e-06, 0.001129
2.543318e-06, 0.001709
2.543368e-06, 0.001129
2.543418e-06, 0.000424
2.543468e-06, 0.000921
2.543518e-06, 0.001295
2.543568e-06, 0.000700
2.543618e-06, 0.000838
2.543668e-06, 0.001723
2.543718e-06, 0.001267
2.543768e-06, 0.000258
2.543818e-06, 0.000617
2.543868e-06, 0.001281
2.543918e-06, 0.000921
2.543968e-06, 0.000631
2.544018e-06, 0.001046
2.544068e-06, 0.001253
2.544118e-06, 0.001129
2.544168e-06, 0.001405
2.544218e-06, 0.001723
2.544268e-06, 0.001433
2.544318e-06, 0.001060
2.544368e-06, 0.001378
2.544418e-06, 0.001931
2.544468e-06, 0.002193
2.544518e-06, 0.002484
2.544568e-06, 0.002677
2.544618e-06, 0.002304
2.544668e-06, 0.002221
2.544718e-06, 0.002650
2.544768e-06, 0.002152
2.544818e-06, 0.001226
2.544868e-06, 0.001461
2.544918e-06, 0.001599
2.544968e-06, 0.001115
2.545018e-06, 0.001765
2.545068e-06, 0.002415
2.545118e-06, 0.001405
2.545168e-06, 0.001087
2.545218e-06, 0.001862
2.545268e-06, 0.001143
2.545318e-06, 0.000645
2.545368e-06, 0.002263
2.545418e-06, 0.002290
2.545468e-06, 0.000410
2.545518e-06, 0.001226
2.545568e-06, 0.002982
2.545618e-06, 0.001709
2.545668e-06, 0.000742
2.545718e-06, 0.001862
2.545768e-06, 0.001281
2.545818e-06, 0.000009
2.545868e-06, 0.001129
2.545918e-06, 0.001544
2.545968e-06, 0.000188
2.546018e-06, 0.000714
2.546068e-06, 0.001848
2.546118e-06, 0.000949
2.546168e-06, 0.000672
2.546218e-06, 0.001433
2.546268e-06, 0.000465
2.546318e-06, -0.000309
2.546368e-06, 0.001143
2.546418e-06, 0.001447
2.546468e-06, -0.000157
2.546518e-06, -0.000047
2.546568e-06, 0.001060
2.546618e-06, 0.000451
2.546668e-06, -0.000005
2.546718e-06, 0.000686
2.546768e-06, 0.000368
2.546818e-06, -0.000143
2.546868e-06, 0.000769
2.546918e-06, 0.001184
2.546968e-06, 0.000465
2.547018e-06, 0.000202
2.547068e-06, -0.000060
2.547118e-06, -0.000807
2.547168e-06, -0.001070
2.547218e-06, -0.001236
2.547268e-06, -0.001678
2.547318e-06, -0.001042
2.547368e-06, 0.000147
2.547418e-06, -0.000254
2.547468e-06, -0.001416
2.547518e-06, -0.001291
2.547568e-06, -0.000420
2.547618e-06, -0.000019
2.547668e-06, -0.000088
2.547718e-06, -0.000240
2.547768e-06, -0.000226
2.547818e-06, -0.000185
2.547868e-06, -0.000240
2.547918e-06, -0.000074
2.547968e-06, -0.000116
2.548018e-06, -0.000697
2.548068e-06, -0.000724
2.548118e-06, -0.000143
2.548168e-06, -0.000047
2.548218e-06, -0.000019
2.548268e-06, 0.000036
2.548318e-06, -0.000683
2.548368e-06, -0.000821
2.548418e-06, 0.000119
2.548468e-06, 0.000216
2.548518e-06, -0.000213
2.548568e-06, 0.000078
2.548618e-06, 0.000202
2.548668e-06, 0.000202
2.548718e-06, 0.000672
2.548768e-06, 0.000797
2.548818e-06, 0.001046
2.548868e-06, 0.001599
2.548918e-06, 0.000866
2.548968e-06, 0.000424
2.549018e-06, 0.002069
2.549068e-06, 0.002677
2.549118e-06, 0.001585
2.549168e-06, 0.002069
2.549218e-06, 0.002954
2.549268e-06, 0.002318
2.549318e-06, 0.002636
2.549368e-06, 0.003797
2.549418e-06, 0.003493
2.549468e-06, 0.003410
2.549518e-06, 0.004309
2.549568e-06, 0.004088
2.549618e-06, 0.003770
2.549668e-06, 0.004724
2.549718e-06, 0.004959
2.549768e-06, 0.004268
2.549818e-06, 0.004572
2.549868e-06, 0.005512
2.549918e-06, 0.005816
2.549968e-06, 0.006051
2.550018e-06, 0.007628
2.550068e-06, 0.010421
2.550118e-06, 0.012467
2.550168e-06, 0.013808
2.550218e-06, 0.016698
2.550268e-06, 0.020446
2.550318e-06, 0.023308
2.550368e-06, 0.026696
2.550418e-06, 0.031079
2.550468e-06, 0.034536
2.550518e-06, 0.037688
2.550568e-06, 0.041920
2.550618e-06, 0.046026
2.550668e-06, 0.048875
2.550718e-06, 0.051087
2.550768e-06, 0.053742
2.550818e-06, 0.057074
2.550868e-06, 0.059715
2.550918e-06, 0.061084
2.550968e-06, 0.063131
2.551018e-06, 0.066145
2.551068e-06, 0.067694
2.551118e-06, 0.068371
2.551168e-06, 0.070667
2.551218e-06, 0.073211
2.551268e-06, 0.073861
2.551318e-06, 0.074455
2.551368e-06, 0.076239
2.551418e-06, 0.076972
2.551468e-06, 0.076516
2.551518e-06, 0.077124
2.551568e-06, 0.077926
2.551618e-06, 0.077193
2.551668e-06, 0.076377
2.551718e-06, 0.076018
2.551768e-06, 0.074829
2.551818e-06, 0.074027
2.551868e-06, 0.074193
2.551918e-06, 0.072644
2.551968e-06, 0.070210
2.552018e-06, 0.070210
2.552068e-06, 0.070349
2.552118e-06, 0.067818
2.552168e-06, 0.065924
2.552218e-06, 0.065896
2.552268e-06, 0.063974
2.552318e-06, 0.060642
2.552368e-06, 0.059204
2.552418e-06, 0.058153
2.552468e-06, 0.055498
2.552518e-06, 0.053286
2.552568e-06, 0.051557
2.552618e-06, 0.048266
2.552668e-06, 0.044892
2.552718e-06, 0.043109
2.552768e-06, 0.041131
2.552818e-06, 0.038656
2.552868e-06, 0.036983
2.552918e-06, 0.034757
2.552968e-06, 0.030968
2.553018e-06, 0.027843
2.553068e-06, 0.026322
2.553118e-06, 0.024801
2.553168e-06, 0.022146
2.553218e-06, 0.018731
2.553268e-06, 0.015910
2.553318e-06, 0.014223
2.553368e-06, 0.011720
2.553418e-06, 0.007946
2.553468e-06, 0.005733
2.553518e-06, 0.005000
2.553568e-06, 0.002954
2.553618e-06, 0.000631
2.553668e-06, -0.000434
2.553718e-06, -0.002121
2.553768e-06, -0.004361
2.553818e-06, -0.005370
2.553868e-06, -0.006283
2.553918e-06, -0.007624
2.553968e-06, -0.008080
2.554018e-06, -0.008550
2.554068e-06, -0.009740
2.554118e-06, -0.010210
2.554168e-06, -0.010334
2.554218e-06, -0.011109
2.554268e-06, -0.011385
2.554318e-06, -0.011316
2.554368e-06, -0.012063
2.554418e-06, -0.012270
2.554468e-06, -0.011039
2.554518e-06, -0.010403
2.554568e-06, -0.010652
2.554618e-06, -0.009809
2.554668e-06, -0.008509
2.554718e-06, -0.008260
2.554768e-06, -0.007513
2.554818e-06, -0.005868
2.554868e-06, -0.005453
2.554918e-06, -0.005329
2.554968e-06, -0.003379
2.555018e-06, -0.001747
2.555068e-06, -0.001747
2.555118e-06, -0.000890
2.555168e-06, 0.001004
2.555218e-06, 0.002041
2.555268e-06, 0.003106
2.555318e-06, 0.004876
2.555368e-06, 0.006190
2.555418e-06, 0.007683
2.555468e-06, 0.009798
2.555518e-06, 0.010697
2.555568e-06, 0.010753
2.555618e-06, 0.012536
2.555668e-06, 0.015025
2.555718e-06, 0.016035
2.555768e-06, 0.017003
2.555818e-06, 0.018703
2.555868e-06, 0.019519
2.555918e-06, 0.020211
2.555968e-06, 0.021911
2.556018e-06, 0.022672
2.556068e-06, 0.022575
2.556118e-06, 0.023958
2.556168e-06, 0.025755
2.556218e-06, 0.026391
2.556268e-06, 0.026834
2.556318e-06, 0.027290
2.556368e-06, 0.027774
2.556418e-06, 0.029198
2.556468e-06, 0.030208
2.556518e-06, 0.030042
2.556568e-06, 0.030623
2.556618e-06, 0.031328
2.556668e-06, 0.030899
2.556718e-06, 0.031355
2.556768e-06, 0.032420
2.556818e-06, 0.032157
2.556868e-06, 0.032074
2.556918e-06, 0.032600
2.556968e-06, 0.032323
2.557018e-06, 0.032821
2.557068e-06, 0.034135
2.557118e-06, 0.033609
2.557168e-06, 0.032669
2.557218e-06, 0.033264
2.557268e-06, 0.033388
2.557318e-06, 0.032724
2.557368e-06, 0.032863
2.557418e-06, 0.033056
2.557468e-06, 0.033139
2.557518e-06, 0.033665
2.557568e-06, 0.033291
2.557618e-06, 0.032254
2.557668e-06, 0.032365
2.557718e-06, 0.032489
2.557768e-06, 0.031743
2.557818e-06, 0.031701
2.557868e-06, 0.031922
2.557918e-06, 0.030844
2.557968e-06, 0.029710
2.558018e-06, 0.029433
2.558068e-06, 0.028908
2.558118e-06, 0.028327
2.558168e-06, 0.028161
2.558218e-06, 0.027415
2.558268e-06, 0.026170
2.558318e-06, 0.025313
2.558368e-06, 0.024677
2.558418e-06, 0.024179
2.558468e-06, 0.023778
2.558518e-06, 0.022727
2.558568e-06, 0.021386
2.558618e-06, 0.020335
2.558668e-06, 0.018883
2.558718e-06, 0.017666
2.558768e-06, 0.017694
2.558818e-06, 0.017168
2.558868e-06, 0.015412
2.558918e-06, 0.014389
2.558968e-06, 0.013394
2.559018e-06, 0.011527
2.559068e-06, 0.011098
2.559118e-06, 0.011402
2.559168e-06, 0.009812
2.559218e-06, 0.008540
2.559268e-06, 0.008775
2.559318e-06, 0.007503
2.559368e-06, 0.005636
2.559418e-06, 0.005678
2.559468e-06, 0.005263
2.559518e-06, 0.003604
2.559568e-06, 0.003161
2.559618e-06, 0.002802
2.559668e-06, 0.000935
2.559718e-06, -0.000074
2.559768e-06, 0.000465
2.559818e-06, 0.000133
2.559868e-06, -0.000945
2.559918e-06, -0.001056
2.559968e-06, -0.001084
2.560018e-06, -0.001886
2.560068e-06, -0.002342
2.560118e-06, -0.002522
2.560168e-06, -0.003379
2.560218e-06, -0.003656
2.560268e-06, -0.003102
2.560318e-06, -0.003891
2.560368e-06, -0.005038
2.560418e-06, -0.004292
2.560468e-06, -0.004264
2.560518e-06, -0.006366
2.560568e-06, -0.006656
2.560618e-06, -0.005094
2.560668e-06, -0.005550
2.560718e-06, -0.006504
2.560768e-06, -0.005619
2.560818e-06, -0.005356
2.560868e-06, -0.006200
2.560918e-06, -0.006241
2.560968e-06, -0.006103
2.561018e-06, -0.005992
2.561068e-06, -0.005481
2.561118e-06, -0.005771
2.561168e-06, -0.006020
2.561218e-06, -0.005107
2.561268e-06, -0.005412
2.561318e-06, -0.006338
2.561368e-06, -0.004969
2.561418e-06, -0.003904
2.561468e-06, -0.005163
2.561518e-06, -0.005149
2.561568e-06, -0.003614
2.561618e-06, -0.003752
2.561668e-06, -0.004181
2.561718e-06, -0.003006
2.561768e-06, -0.002231
2.561818e-06, -0.002383
2.561868e-06, -0.002204
2.561918e-06, -0.002342
2.561968e-06, -0.002715
2.562018e-06, -0.001927
2.562068e-06, -0.001042
2.562118e-06, -0.001333
2.562168e-06, -0.001457
2.562218e-06, -0.001056
2.562268e-06, -0.001042
2.562318e-06, -0.000683
2.562368e-06, -0.000019
2.562418e-06, -0.000213
2.562468e-06, -0.000351
2.562518e-06, 0.000036
2.562568e-06, -0.000019
2.562618e-06, 0.000410
2.562668e-06, 0.001419
2.562718e-06, 0.001267
2.562768e-06, 0.000866
2.562818e-06, 0.001571
2.562868e-06, 0.001488
2.562918e-06, 0.000576
2.562968e-06, 0.001115
2.563018e-06, 0.002152
2.563068e-06, 0.002193
2.563118e-06, 0.002553
2.563168e-06, 0.003396
2.563218e-06, 0.003424
2.563268e-06, 0.003300
2.563318e-06, 0.003894
2.563368e-06, 0.004240
2.563418e-06, 0.003936
2.563468e-06, 0.003811
2.563518e-06, 0.004157
2.563568e-06, 0.004503
2.563618e-06, 0.004406
2.563668e-06, 0.003936
2.563718e-06, 0.003991
2.563768e-06, 0.004599
2.563818e-06, 0.004323
2.563868e-06, 0.003576
2.563918e-06, 0.004198
2.563968e-06, 0.004904
2.564018e-06, 0.004019
2.564068e-06, 0.003770
2.564118e-06, 0.004834
2.564168e-06, 0.004627
2.564218e-06, 0.003963
2.564268e-06, 0.004751
2.564318e-06, 0.004793
2.564368e-06, 0.003797
2.564418e-06, 0.004102
2.564468e-06, 0.004323
2.564518e-06, 0.003590
2.564568e-06, 0.004281
2.564618e-06, 0.005166
2.564668e-06, 0.004240
2.564718e-06, 0.004046
2.564768e-06, 0.004793
2.564818e-06, 0.004060
2.564868e-06, 0.003576
2.564918e-06, 0.004254
2.564968e-06, 0.003466
2.565018e-06, 0.002511
2.565068e-06, 0.003396
2.565118e-06, 0.003355
2.565168e-06, 0.002290
2.565218e-06, 0.003148
2.565268e-06, 0.004046
2.565318e-06, 0.002857
2.565368e-06, 0.002180
2.565418e-06, 0.002677
2.565468e-06, 0.002581
2.565518e-06, 0.002788
2.565568e-06, 0.003549
2.565618e-06, 0.003203
2.565668e-06, 0.002829
2.565718e-06, 0.003466
2.565768e-06, 0.003396
2.565818e-06, 0.003286
2.565868e-06, 0.004890
2.565918e-06, 0.006300
2.565968e-06, 0.006936
2.566018e-06, 0.009328
2.566068e-06, 0.012495
2.566118e-06, 0.014306
2.566168e-06, 0.016629
2.566218e-06, 0.020128
2.566268e-06, 0.022464
2.566318e-06, 0.023529
2.566368e-06, 0.024165
2.566418e-06, 0.024262
2.566468e-06, 0.024815
2.566518e-06, 0.025396
2.566568e-06, 0.024317
2.566618e-06, 0.023709
2.566668e-06, 0.025285
2.566718e-06, 0.025811
2.566768e-06, 0.024677
2.566818e-06, 0.025589
2.566868e-06, 0.027995
2.566918e-06, 0.028784
2.566968e-06, 0.028493
2.567018e-06, 0.028383
2.567068e-06, 0.028410
2.567118e-06, 0.028922
2.567168e-06, 0.029019
2.567218e-06, 0.027332
2.567268e-06, 0.025659
2.567318e-06, 0.025921
2.567368e-06, 0.026212
2.567418e-06, 0.025188
2.567468e-06, 0.024774
2.567518e-06, 0.025783
2.567568e-06, 0.026433
2.567618e-06, 0.026239
2.567668e-06, 0.026046
2.567718e-06, 0.025907
2.567768e-06, 0.025838
2.567818e-06, 0.025741
2.567868e-06, 0.024732
2.567918e-06, 0.023059
2.567968e-06, 0.022215
2.568018e-06, 0.021662
2.568068e-06, 0.020141
2.568118e-06, 0.018676
2.568168e-06, 0.018399
2.568218e-06, 0.018109
2.568268e-06, 0.016809
2.568318e-06, 0.015592
2.568368e-06, 0.015482
2.568418e-06, 0.015371
2.568468e-06, 0.014140
2.568518e-06, 0.012744
2.568568e-06, 0.012025
2.568618e-06, 0.011084
2.568668e-06, 0.009674
2.568718e-06, 0.008858
2.568768e-06, 0.008430
2.568818e-06, 0.007282
2.568868e-06, 0.006051
2.568918e-06, 0.005664
2.568968e-06, 0.005166
2.569018e-06, 0.004074
2.569068e-06, 0.003728
2.569118e-06, 0.003728
2.569168e-06, 0.002594
2.569218e-06, 0.001626
2.569268e-06, 0.001751
2.569318e-06, 0.000963
2.569368e-06, -0.000531
2.569418e-06, -0.000558
2.569468e-06, -0.000309
2.569518e-06, -0.001070
2.569568e-06, -0.001416
2.569618e-06, -0.001637
2.569668e-06, -0.002453
2.569718e-06, -0.002121
2.569768e-06, -0.000959
2.569818e-06, -0.001360
2.569868e-06, -0.002314
2.569918e-06, -0.002245
2.569968e-06, -0.002328
2.570018e-06, -0.002701
2.570068e-06, -0.002605
2.570118e-06, -0.002840
2.570168e-06, -0.002909
2.570218e-06, -0.002038
2.570268e-06, -0.002065
2.570318e-06, -0.003185
2.570368e-06, -0.003116
2.570418e-06, -0.002743
2.570468e-06, -0.003338
2.570518e-06, -0.002923
2.570568e-06, -0.001678
2.570618e-06, -0.002065
2.570668e-06, -0.003061
2.570718e-06, -0.002646
2.570768e-06, -0.001858
2.570818e-06, -0.002135
2.570868e-06, -0.002909
2.570918e-06, -0.002646
2.570968e-06, -0.001125
2.571018e-06, -0.000503
2.571068e-06, -0.001498
2.571118e-06, -0.001844
2.571168e-06, -0.000752
2.571218e-06, -0.000240
2.571268e-06, -0.000475
2.571318e-06, 0.000133
2.571368e-06, 0.001156
2.571418e-06, 0.001267
2.571468e-06, 0.000935
2.571518e-06, 0.001156
2.571568e-06, 0.001239
2.571618e-06, 0.000645
2.571668e-06, 0.000562
2.571718e-06, 0.001433
2.571768e-06, 0.002000
2.571818e-06, 0.002083
2.571868e-06, 0.002346
2.571918e-06, 0.002304
2.571968e-06, 0.002235
2.572018e-06, 0.003023
2.572068e-06, 0.003438
2.572118e-06, 0.002968
2.572168e-06, 0.003355
2.572218e-06, 0.004115
2.572268e-06, 0.003535
2.572318e-06, 0.002968
2.572368e-06, 0.003535
2.572418e-06, 0.003507
2.572468e-06, 0.002470
2.572518e-06, 0.001972
2.572568e-06, 0.002249
2.572618e-06, 0.002373
2.572668e-06, 0.002193
2.572718e-06, 0.002332
2.572768e-06, 0.003051
2.572818e-06, 0.003341
2.572868e-06, 0.002332
2.572918e-06, 0.001557
2.572968e-06, 0.002276
2.573018e-06, 0.002802
2.573068e-06, 0.002166
2.573118e-06, 0.002207
2.573168e-06, 0.002968
2.573218e-06, 0.002470
2.573268e-06, 0.001696
2.573318e-06, 0.002553
2.573368e-06, 0.003051
2.573418e-06, 0.001903
2.573468e-06, 0.001378
2.573518e-06, 0.001474
2.573568e-06, 0.000797
2.573618e-06, 0.001156
2.573668e-06, 0.002470
2.573718e-06, 0.001820
2.573768e-06, 0.000672
2.573818e-06, 0.001640
2.573868e-06, 0.002567
2.573918e-06, 0.002249
2.573968e-06, 0.002373
2.574018e-06, 0.002207
2.574068e-06, 0.001405
2.574118e-06, 0.001696
2.574168e-06, 0.001903
2.574218e-06, 0.000880
2.574268e-06, 0.001115
2.574318e-06, 0.002041
2.574368e-06, 0.000990
2.574418e-06, 0.000327
2.574468e-06, 0.001502
2.574518e-06, 0.001170
2.574568e-06, -0.000171
2.574618e-06, 0.000755
2.574668e-06, 0.001958
2.574718e-06, 0.001364
2.574768e-06, 0.001295
2.574818e-06, 0.001862
2.574868e-06, 0.001350
2.574918e-06, 0.001004
2.574968e-06, 0.001502
2.575018e-06, 0.001378
2.575068e-06, 0.001295
2.575118e-06, 0.001972
2.575168e-06, 0.001654
2.575218e-06, 0.000313
2.575268e-06, 0.000161
2.575318e-06, 0.001156
2.575368e-06, 0.001585
2.575418e-06, 0.001295
2.575468e-06, 0.001253
2.575518e-06, 0.001626
2.575568e-06, 0.001806
2.575618e-06, 0.001516
2.575668e-06, 0.001184
2.575718e-06, 0.001184
2.575768e-06, 0.001419
2.575818e-06, 0.001308
2.575868e-06, 0.000990
2.575918e-06, 0.001613
2.575968e-06, 0.002498
2.576018e-06, 0.001488
2.576068e-06, 0.000009
2.576118e-06, 0.000755
2.576168e-06, 0.001599
2.576218e-06, 0.000783
2.576268e-06, 0.000811
2.576318e-06, 0.001405
2.576368e-06, 0.000562
2.576418e-06, 0.000313
2.576468e-06, 0.001087
2.576518e-06, 0.000672
2.576568e-06, 0.000451
2.576618e-06, 0.001640
2.576668e-06, 0.001654
2.576718e-06, 0.000562
2.576768e-06, 0.000410
2.576818e-06, 0.000244
2.576868e-06, -0.000434
2.576918e-06, -0.000102
2.576968e-06, 0.000742
2.577018e-06, 0.000368
2.577068e-06, -0.000448
2.577118e-06, 0.000092
2.577168e-06, 0.001087
2.577218e-06, 0.000451
2.577268e-06, -0.000669
2.577318e-06, -0.000309
2.577368e-06, 0.000161
2.577418e-06, -0.000157
2.577468e-06, 0.000009
2.577518e-06, -0.000309
2.577568e-06, -0.001637
2.577618e-06, -0.001333
2.577668e-06, 0.000078
2.577718e-06, -0.000392
2.577768e-06, -0.000918
2.577818e-06, 0.000009
2.577868e-06, -0.000669
2.577918e-06, -0.001996
2.577968e-06, -0.000835
2.578018e-06, -0.000213
2.578068e-06, -0.001581
2.578118e-06, -0.001222
2.578168e-06, -0.000420
2.578218e-06, -0.001623
2.578268e-06, -0.001250
2.578318e-06, 0.000368
2.578368e-06, -0.001153
2.578418e-06, -0.002522
2.578468e-06, -0.000627
2.578518e-06, -0.000406
2.578568e-06, -0.002342
2.578618e-06, -0.001637
2.578668e-06, -0.000351
2.578718e-06, -0.001416
2.578768e-06, -0.001388
2.578818e-06, -0.000392
2.578868e-06, -0.001734
2.578918e-06, -0.002439
2.578968e-06, -0.000752
2.579018e-06, -0.001167
2.579068e-06, -0.002826
2.579118e-06, -0.001526
2.579168e-06, -0.000254
2.579218e-06, -0.001305
2.579268e-06, -0.001540
2.579318e-06, -0.001346
2.579368e-06, -0.001844
2.579418e-06, -0.000600
2.579468e-06, 0.000493
2.579518e-06, -0.001360
2.579568e-06, -0.002287
2.579618e-06, -0.000835
2.579668e-06, -0.000641
2.579718e-06, -0.000987
2.579768e-06, -0.000074
2.579818e-06, -0.000226
2.579868e-06, -0.001111
2.579918e-06, -0.000254
2.579968e-06, 0.000714
2.580018e-06, 0.000327
2.580068e-06, 0.000354
2.580118e-06, 0.000838
2.580168e-06, 0.000838
2.580218e-06, 0.001281
2.580268e-06, 0.001834
2.580318e-06, 0.001557
2.580368e-06, 0.001585
2.580418e-06, 0.002207
2.580468e-06, 0.002193
2.580518e-06, 0.002401
2.580568e-06, 0.003673
2.580618e-06, 0.004212
2.580668e-06, 0.003770
2.580718e-06, 0.004185
2.580768e-06, 0.004738
2.580818e-06, 0.004268
2.580868e-06, 0.003825
2.580918e-06, 0.003576
2.580968e-06, 0.003286
2.581018e-06, 0.004240
2.581068e-06, 0.005429
2.581118e-06, 0.005277
2.581168e-06, 0.006065
2.581218e-06, 0.008277
2.581268e-06, 0.009038
2.581318e-06, 0.009702
2.581368e-06, 0.012758
2.581418e-06, 0.015454
2.581468e-06, 0.016961
2.581518e-06, 0.020446
2.581568e-06, 0.025050
2.581618e-06, 0.028438
2.581668e-06, 0.032199
2.581718e-06, 0.036762
2.581768e-06, 0.040246
2.581818e-06, 0.043441
2.581868e-06, 0.047533
2.581918e-06, 0.050976
2.581968e-06, 0.053548
2.582018e-06, 0.056577
2.582068e-06, 0.059314
2.582118e-06, 0.061153
2.582168e-06, 0.063532
2.582218e-06, 0.066270
2.582268e-06, 0.068316
2.582318e-06, 0.070252
2.582368e-06, 0.072008
2.582418e-06, 0.073197
2.582468e-06, 0.075091
2.582518e-06, 0.077152
2.582568e-06, 0.077885
2.582618e-06, 0.078991
2.582668e-06, 0.080512
2.582718e-06, 0.080194
2.582768e-06, 0.079931
2.582818e-06, 0.081162
2.582868e-06, 0.080498
2.582918e-06, 0.078023
2.582968e-06, 0.077456
2.583018e-06, 0.077594
2.583068e-06, 0.076281
2.583118e-06, 0.075520
2.583168e-06, 0.075603
2.583218e-06, 0.074303
2.583268e-06, 0.072450
2.583318e-06, 0.071994
2.583368e-06, 0.071939
2.583418e-06, 0.070653
2.583468e-06, 0.068676
2.583518e-06, 0.067016
2.583568e-06, 0.065786
2.583618e-06, 0.064707
2.583668e-06, 0.063407
2.583718e-06, 0.062094
2.583768e-06, 0.061679
2.583818e-06, 0.061651
2.583868e-06, 0.060835
2.583918e-06, 0.059923
2.583968e-06, 0.059646
2.584018e-06, 0.059176
2.584068e-06, 0.058623
2.584118e-06, 0.058734
2.584168e-06, 0.059384
2.584218e-06, 0.060448
2.584268e-06, 0.061070
2.584318e-06, 0.060559
2.584368e-06, 0.060725
2.584418e-06, 0.062177
2.584468e-06, 0.062495
2.584518e-06, 0.061817
2.584568e-06, 0.062191
2.584618e-06, 0.062827
2.584668e-06, 0.062923
2.584718e-06, 0.063601
2.584768e-06, 0.064292
2.584818e-06, 0.064057
2.584868e-06, 0.064154
2.584918e-06, 0.065315
2.584968e-06, 0.066048
2.585018e-06, 0.065634
2.585068e-06, 0.065730
2.585118e-06, 0.067251
2.585168e-06, 0.068579
2.585218e-06, 0.069215
2.585268e-06, 0.070210
2.585318e-06, 0.070902
2.585368e-06, 0.070846
2.585418e-06, 0.071317
2.585468e-06, 0.071718
2.585518e-06, 0.071151
2.585568e-06, 0.071151
2.585618e-06, 0.071759
2.585668e-06, 0.071648
2.585718e-06, 0.071441
2.585768e-06, 0.071330
2.585818e-06, 0.070584
2.585868e-06, 0.070570
2.585918e-06, 0.071621
2.585968e-06, 0.071607
2.586018e-06, 0.070846
2.586068e-06, 0.070971
2.586118e-06, 0.071137
2.586168e-06, 0.070943
2.586218e-06, 0.070819
2.586268e-06, 0.069754
2.586318e-06, 0.068593
2.586368e-06, 0.068869
2.586418e-06, 0.068288
2.586468e-06, 0.066394
2.586518e-06, 0.066449
2.586568e-06, 0.066947
2.586618e-06, 0.064707
2.586668e-06, 0.062868
2.586718e-06, 0.063089
2.586768e-06, 0.062149
2.586818e-06, 0.060407
2.586868e-06, 0.059826
2.586918e-06, 0.058499
2.586968e-06, 0.056342
2.587018e-06, 0.055913
2.587068e-06, 0.056079
2.587118e-06, 0.054834
2.587168e-06, 0.053355
2.587218e-06, 0.052152
2.587268e-06, 0.050133
2.587318e-06, 0.048363
2.587368e-06, 0.048128
2.587418e-06, 0.047603
2.587468e-06, 0.045598
2.587518e-06, 0.043883
2.587568e-06, 0.043012
2.587618e-06, 0.041712
2.587668e-06, 0.040385
2.587718e-06, 0.039486
2.587768e-06, 0.038200
2.587818e-06, 0.037066
2.587868e-06, 0.036720
2.587918e-06, 0.035476
2.587968e-06, 0.033236
2.588018e-06, 0.032116
2.588068e-06, 0.031148
2.588118e-06, 0.028618
2.588168e-06, 0.027097
2.588218e-06, 0.027594
2.588268e-06, 0.026585
2.588318e-06, 0.023750
2.588368e-06, 0.022451
2.588418e-06, 0.022174
2.588468e-06, 0.020777
2.588518e-06, 0.019616
2.588568e-06, 0.019312
2.588618e-06, 0.018095
2.588668e-06, 0.016657
2.588718e-06, 0.015910
2.588768e-06, 0.014320
2.588818e-06, 0.012744
2.588868e-06, 0.012730
2.588918e-06, 0.011845
2.588968e-06, 0.009881
2.589018e-06, 0.009964
2.589068e-06, 0.010269
2.589118e-06, 0.008291
2.589168e-06, 0.007254
2.589218e-06, 0.007959
2.589268e-06, 0.007323
2.589318e-06, 0.006286
2.589368e-06, 0.006134
2.589418e-06, 0.005028
2.589468e-06, 0.003811
2.589518e-06, 0.003867
2.589568e-06, 0.003369
2.589618e-06, 0.002816
2.589668e-06, 0.003562
2.589718e-06, 0.003037
2.589768e-06, 0.001516
2.589818e-06, 0.002332
2.589868e-06, 0.003576
2.589918e-06, 0.002650
2.589968e-06, 0.001585
2.590018e-06, 0.001281
2.590068e-06, 0.001087
2.590118e-06, 0.001488
2.590168e-06, 0.001267
2.590218e-06, 0.000299
2.590268e-06, 0.000866
2.590318e-06, 0.001557
2.590368e-06, 0.000935
2.590418e-06, 0.001585
2.590468e-06, 0.002415
2.590518e-06, 0.000880
2.590568e-06, 0.000064
2.590618e-06, 0.000935
2.590668e-06, 0.000534
2.590718e-06, 0.000064
2.590768e-06, 0.000838
2.590818e-06, 0.000617
2.590868e-06, -0.000074
2.590918e-06, 0.000161
2.590968e-06, -0.000005
2.591018e-06, 0.000133
2.591068e-06, 0.001405
2.591118e-06, 0.001419
2.591168e-06, 0.000230
2.591218e-06, 0.000313
2.591268e-06, 0.001087
2.591318e-06, 0.001474
2.591368e-06, 0.001709
2.591418e-06, 0.001544
2.591468e-06, 0.001474
2.591518e-06, 0.001917
2.591568e-06, 0.001779
2.591618e-06, 0.001626
2.591668e-06, 0.002193
2.591718e-06, 0.001862
2.591768e-06, 0.001046
2.591818e-06, 0.001682
2.591868e-06, 0.002470
2.591918e-06, 0.002124
2.591968e-06, 0.002249
2.592018e-06, 0.002816
2.592068e-06, 0.002650
2.592118e-06, 0.002608
2.592168e-06, 0.002982
2.592218e-06, 0.002940
2.592268e-06, 0.003009
2.592318e-06, 0.003065
2.592368e-06, 0.002415
2.592418e-06, 0.002511
2.592468e-06, 0.003369
2.592518e-06, 0.002940
2.592568e-06, 0.002276
2.592618e-06, 0.003272
2.592668e-06, 0.004198
2.592718e-06, 0.003673
2.592768e-06, 0.002968
2.592818e-06, 0.003148
2.592868e-06, 0.003811
2.592918e-06, 0.003659
2.592968e-06, 0.002982
2.593018e-06, 0.003521
2.593068e-06, 0.004005
2.593118e-06, 0.002926
2.593168e-06, 0.002719
2.593218e-06, 0.003383
2.593268e-06, 0.002290
2.593318e-06, 0.002083
2.593368e-06, 0.004088
2.593418e-06, 0.003562
2.593468e-06, 0.001474
2.593518e-06, 0.002608
2.593568e-06, 0.003797
2.593618e-06, 0.002276
2.593668e-06, 0.002249
2.593718e-06, 0.003618
2.593768e-06, 0.002719
2.593818e-06, 0.001613
2.593868e-06, 0.002152
2.593918e-06, 0.002110
2.593968e-06, 0.001931
2.594018e-06, 0.002622
2.594068e-06, 0.002083
2.594118e-06, 0.000963
2.594168e-06, 0.001848
2.594218e-06, 0.002885
2.594268e-06, 0.002124
2.594318e-06, 0.001737
2.594368e-06, 0.002290
2.594418e-06, 0.002027
2.594468e-06, 0.002014
2.594518e-06, 0.002829
2.594568e-06, 0.002152
2.594618e-06, 0.000852
2.594668e-06, 0.001779
2.594718e-06, 0.002912
2.594768e-06, 0.002304
2.594818e-06, 0.002193
2.594868e-06, 0.002636
2.594918e-06, 0.001765
2.594968e-06, 0.001184
2.595018e-06, 0.002027
2.595068e-06, 0.002124
2.595118e-06, 0.001557
2.595168e-06, 0.002027
2.595218e-06, 0.002346
2.595268e-06, 0.001544
2.595318e-06, 0.001364
2.595368e-06, 0.001862
2.595418e-06, 0.001599
2.595468e-06, 0.001433
2.595518e-06, 0.001792
2.595568e-06, 0.001253
2.595618e-06, 0.000686
2.595668e-06, 0.001447
2.595718e-06, 0.001696
2.595768e-06, 0.001239
2.595818e-06, 0.002083
2.595868e-06, 0.002788
2.595918e-06, 0.001765
2.595968e-06, 0.001101
2.596018e-06, 0.001170
2.596068e-06, 0.000520
2.596118e-06, 0.000742
2.596168e-06, 0.002055
2.596218e-06, 0.001682
2.596268e-06, 0.000617
2.596318e-06, 0.001308
2.596368e-06, 0.001779
2.596418e-06, 0.000921
2.596468e-06, 0.001004
2.596518e-06, 0.001765
2.596568e-06, 0.001516
2.596618e-06, 0.001198
2.596668e-06, 0.001433
2.596718e-06, 0.001571
2.596768e-06, 0.002152
2.596818e-06, 0.003023
2.596868e-06, 0.002816
2.596918e-06, 0.002027
2.596968e-06, 0.002124
2.597018e-06, 0.002760
2.597068e-06, 0.003300
2.597118e-06, 0.004143
2.597168e-06, 0.005429
2.597218e-06, 0.007102
2.597268e-06, 0.009785
2.597318e-06, 0.013117
2.597368e-06, 0.015343
2.597418e-06, 0.017072
2.597468e-06, 0.020487
2.597518e-06, 0.023930
2.597568e-06, 0.024704
2.597618e-06, 0.024525
2.597668e-06, 0.024995
2.597718e-06, 0.024746
2.597768e-06, 0.024138
2.597818e-06, 0.024359
2.597868e-06, 0.024290
2.597918e-06, 0.023930
2.597968e-06, 0.024718
2.598018e-06, 0.026018
2.598068e-06, 0.026613
2.598118e-06, 0.027180
2.598168e-06, 0.028286
2.598218e-06, 0.029046
2.598268e-06, 0.028825
2.598318e-06, 0.028604
2.598368e-06, 0.028811
2.598418e-06, 0.028258
2.598468e-06, 0.027193
2.598518e-06, 0.026944
2.598568e-06, 0.026668
2.598618e-06, 0.025769
2.598668e-06, 0.025368
2.598718e-06, 0.025382
2.598768e-06, 0.025299
2.598818e-06, 0.025700
2.598868e-06, 0.025824
2.598918e-06, 0.025064
2.598968e-06, 0.024511
2.599018e-06, 0.023930
2.599068e-06, 0.022534
2.599118e-06, 0.021123
2.599168e-06, 0.019727
2.599218e-06, 0.018164
2.599268e-06, 0.017542
2.599318e-06, 0.017044
2.599368e-06, 0.015136
2.599418e-06, 0.013643
2.599468e-06, 0.013629
2.599518e-06, 0.012868
2.599568e-06, 0.011154
2.599618e-06, 0.010296
2.599668e-06, 0.009605
2.599718e-06, 0.008153
2.599768e-06, 0.007088
2.599818e-06, 0.006328
2.599868e-06, 0.004917
2.599918e-06, 0.003341
2.599968e-06, 0.002359
2.600018e-06, 0.001765
2.600068e-06, 0.001101
2.600118e-06, -0.000074
2.600168e-06, -0.001346
2.600218e-06, -0.001554
2.600268e-06, -0.001208
2.600318e-06, -0.001761
2.600368e-06, -0.002453
2.600418e-06, -0.002729
2.600468e-06, -0.004084
2.600518e-06, -0.005536
2.600568e-06, -0.004706
2.600618e-06, -0.003849
2.600668e-06, -0.005024
2.600718e-06, -0.005508
2.600768e-06, -0.005066
2.600818e-06, -0.005896
2.600868e-06, -0.006407
2.600918e-06, -0.005771
2.600968e-06, -0.006117
2.601018e-06, -0.006559
2.601068e-06, -0.005992
2.601118e-06, -0.006214
2.601168e-06, -0.007043
2.601218e-06, -0.006988
2.601268e-06, -0.006711
2.601318e-06, -0.006670
2.601368e-06, -0.006725
2.601418e-06, -0.007029
2.601468e-06, -0.007237
2.601518e-06, -0.007776
2.601568e-06, -0.008537
2.601618e-06, -0.007444
2.601668e-06, -0.005840
2.601718e-06, -0.006753
2.601768e-06, -0.007693
2.601818e-06, -0.006615
2.601868e-06, -0.006711
2.601918e-06, -0.007956
2.601968e-06, -0.006877
2.602018e-06, -0.005038
2.602068e-06, -0.005011
2.602118e-06, -0.005024
2.602168e-06, -0.004057
2.602218e-06, -0.003545
2.602268e-06, -0.003517
2.602318e-06, -0.003310
2.602368e-06, -0.003047
2.602418e-06, -0.002619
2.602468e-06, -0.002052
2.602518e-06, -0.001540
2.602568e-06, -0.000918
2.602618e-06, -0.000614
2.602668e-06, -0.001222
2.602718e-06, -0.001277
2.602768e-06, 0.000271
2.602818e-06, 0.001267
2.602868e-06, 0.000617
2.602918e-06, 0.000327
2.602968e-06, 0.000852
2.603018e-06, 0.000963
2.603068e-06, 0.001364
2.603118e-06, 0.002000
2.603168e-06, 0.001267
2.603218e-06, 0.000465
2.603268e-06, 0.001419
2.603318e-06, 0.002041
2.603368e-06, 0.001198
2.603418e-06, 0.000811
2.603468e-06, 0.001129
2.603518e-06, 0.000797
2.603568e-06, 0.000354
2.603618e-06, 0.000493
2.603668e-06, 0.000686
2.603718e-06, 0.000852
2.603768e-06, 0.001419
2.603818e-06, 0.001668
2.603868e-06, 0.000949
2.603918e-06, 0.000424
2.603968e-06, 0.001046
2.604018e-06, 0.001239
2.604068e-06, 0.000354
2.604118e-06, 0.000562
2.604168e-06, 0.001765
2.604218e-06, 0.001696
2.604268e-06, 0.000977
2.604318e-06, 0.000880
2.604368e-06, 0.000589
2.604418e-06, 0.000479
2.604468e-06, 0.001143
2.604518e-06, 0.001212
2.604568e-06, 0.000631
2.604618e-06, 0.000769
2.604668e-06, 0.001212
2.604718e-06, 0.001004
2.604768e-06, 0.000562
2.604818e-06, 0.000548
2.604868e-06, 0.000838
2.604918e-06, 0.000742
2.604968e-06, 0.000506
2.605018e-06, 0.001073
2.605068e-06, 0.001308
2.605118e-06, 0.000299
2.605168e-06, 0.000244
2.605218e-06, 0.001336
2.605268e-06, 0.000755
2.605318e-06, -0.000406
2.605368e-06, 0.000092
2.605418e-06, 0.000230
2.605468e-06, -0.000641
2.605518e-06, -0.000600
2.605568e-06, -0.000351
2.605618e-06, -0.000697
2.605668e-06, -0.000531
2.605718e-06, -0.000683
2.605768e-06, -0.001416
2.605818e-06, -0.000779
2.605868e-06, 0.000161
2.605918e-06, -0.000945
2.605968e-06, -0.002065
2.606018e-06, -0.001263
2.606068e-06, -0.000434
2.606118e-06, -0.000572
2.606168e-06, -0.000586
2.606218e-06, -0.000503
2.606268e-06, -0.000655
2.606318e-06, -0.000406
2.606368e-06, -0.000213
2.606418e-06, -0.001042
2.606468e-06, -0.001692
2.606518e-06, -0.000904
2.606568e-06, -0.000088
2.606618e-06, -0.000489
2.606668e-06, -0.001028
2.606718e-06, -0.001098
2.606768e-06, -0.001360
2.606818e-06, -0.001319
2.606868e-06, -0.000296
2.606918e-06, 0.000299
2.606968e-06, -0.000157
2.607018e-06, -0.000378
2.607068e-06, -0.000254
2.607118e-06, -0.000102
2.607168e-06, 0.000686
2.607218e-06, 0.001336
2.607268e-06, 0.000410
2.607318e-06, -0.000683
2.607368e-06, -0.000282
2.607418e-06, 0.000327
2.607468e-06, -0.000254
2.607518e-06, -0.001001
2.607568e-06, -0.000807
2.607618e-06, -0.000544
2.607668e-06, -0.000627
2.607718e-06, -0.000143
2.607768e-06, 0.000410
2.607818e-06, -0.000102
2.607868e-06, -0.000503
2.607918e-06, 0.000133
2.607968e-06, 0.000424
2.608018e-06, -0.000047
2.608068e-06, -0.000213
2.608118e-06, 0.000299
2.608168e-06, 0.000852
2.608218e-06, 0.000465
2.608268e-06, -0.000627
2.608318e-06, -0.000945
2.608368e-06, -0.000586
2.608418e-06, -0.000627
2.608468e-06, -0.000724
2.608518e-06, -0.000378
2.608568e-06, -0.000268
2.608618e-06, -0.000586
2.608668e-06, -0.000669
2.608718e-06, -0.000489
2.608768e-06, -0.000766
2.608818e-06, -0.001319
2.608868e-06, -0.001277
2.608918e-06, -0.001056
2.608968e-06, -0.001319
2.609018e-06, -0.001236
2.609068e-06, -0.000752
2.609118e-06, -0.000945
2.609168e-06, -0.001429
2.609218e-06, -0.001388
2.609268e-06, -0.001443
2.609318e-06, -0.001526
2.609368e-06, -0.001015
2.609418e-06, -0.000641
2.609468e-06, -0.000876
2.609518e-06, -0.000973
2.609568e-06, -0.001015
2.609618e-06, -0.001305
2.609668e-06, -0.001305
2.609718e-06, -0.000973
2.609768e-06, -0.000766
2.609818e-06, -0.000766
2.609868e-06, -0.001305
2.609918e-06, -0.002273
2.609968e-06, -0.002176
2.610018e-06, -0.000973
2.610068e-06, -0.000572
2.610118e-06, -0.001015
2.610168e-06, -0.001042
2.610218e-06, -0.001139
2.610268e-06, -0.001416
2.610318e-06, -0.000849
2.610368e-06, -0.000600
2.610418e-06, -0.001734
2.610468e-06, -0.001747
2.610518e-06, 0.000050
2.610568e-06, 0.000341
2.610618e-06, -0.000862
2.610668e-06, -0.000710
2.610718e-06, -0.000130
2.610768e-06, -0.000627
2.610818e-06, -0.000738
2.610868e-06, -0.000406
2.610918e-06, -0.000544
2.610968e-06, -0.000475
2.611018e-06, -0.000461
2.611068e-06, -0.000420
2.611118e-06, 0.000880
2.611168e-06, 0.001364
2.611218e-06, -0.000185
2.611268e-06, -0.000116
2.611318e-06, 0.001447
2.611368e-06, 0.000686
2.611418e-06, -0.000199
2.611468e-06, 0.001253
2.611518e-06, 0.001696
2.611568e-06, 0.001184
2.611618e-06, 0.002567
2.611668e-06, 0.003466
2.611718e-06, 0.002622
2.611768e-06, 0.002843
2.611818e-06, 0.003341
2.611868e-06, 0.002899
2.611918e-06, 0.003797
2.611968e-06, 0.004987
2.612018e-06, 0.004364
2.612068e-06, 0.004364
2.612118e-06, 0.005388
2.612168e-06, 0.005249
2.612218e-06, 0.005222
2.612268e-06, 0.005623
2.612318e-06, 0.005083
2.612368e-06, 0.006065
2.612418e-06, 0.008181
2.612468e-06, 0.007545
2.612518e-06, 0.007558
2.612568e-06, 0.011513
2.612618e-06, 0.013753
2.612668e-06, 0.013822
2.612718e-06, 0.017459
2.612768e-06, 0.021884
2.612818e-06, 0.023792
2.612868e-06, 0.027857
2.612918e-06, 0.033665
2.612968e-06, 0.037232
2.613018e-06, 0.041740
2.613068e-06, 0.048045
2.613118e-06, 0.051737
2.613168e-06, 0.054447
2.613218e-06, 0.058485
2.613268e-06, 0.060835
2.613318e-06, 0.062550
2.613368e-06, 0.066270
2.613418e-06, 0.069077
2.613468e-06, 0.070432
2.613518e-06, 0.072824
2.613568e-06, 0.074898
2.613618e-06, 0.076654
2.613668e-06, 0.080166
2.613718e-06, 0.082669
2.613768e-06, 0.083015
2.613818e-06, 0.084937
2.613868e-06, 0.087522
2.613918e-06, 0.087633
2.613968e-06, 0.087315
2.614018e-06, 0.088006
2.614068e-06, 0.088186
2.614118e-06, 0.088103
2.614168e-06, 0.087979
2.614218e-06, 0.087094
2.614268e-06, 0.086527
2.614318e-06, 0.086789
2.614368e-06, 0.086305
2.614418e-06, 0.085075
2.614468e-06, 0.084619
2.614518e-06, 0.084397
2.614568e-06, 0.083098
2.614618e-06, 0.081369
2.614668e-06, 0.080166
2.614718e-06, 0.078894
2.614768e-06, 0.077179
2.614818e-06, 0.075700
2.614868e-06, 0.074041
2.614918e-06, 0.071358
2.614968e-06, 0.068924
2.615018e-06, 0.067625
2.615068e-06, 0.065993
2.615118e-06, 0.063629
2.615168e-06, 0.061803
2.615218e-06, 0.060006
2.615268e-06, 0.057130
2.615318e-06, 0.054544
2.615368e-06, 0.052829
2.615418e-06, 0.050188
2.615468e-06, 0.046621
2.615518e-06, 0.043593
2.615568e-06, 0.040399
2.615618e-06, 0.036430
2.615668e-06, 0.033374
2.615718e-06, 0.031037
2.615768e-06, 0.027843
2.615818e-06, 0.025092
2.615868e-06, 0.023363
2.615918e-06, 0.020169
2.615968e-06, 0.016201
2.616018e-06, 0.014071
2.616068e-06, 0.012011
2.616118e-06, 0.008609
2.616168e-06, 0.006037
2.616218e-06, 0.004074
2.616268e-06, 0.001143
2.616318e-06, -0.001388
2.616368e-06, -0.003116
2.616418e-06, -0.005343
2.616468e-06, -0.007195
2.616518e-06, -0.008039
2.616568e-06, -0.009339
2.616618e-06, -0.011136
2.616668e-06, -0.012298
2.616718e-06, -0.013362
2.616768e-06, -0.014911
2.616818e-06, -0.016017
2.616868e-06, -0.016363
2.616918e-06, -0.017027
2.616968e-06, -0.018285
2.617018e-06, -0.019032
2.617068e-06, -0.019101
2.617118e-06, -0.019654
2.617168e-06, -0.020442
2.617218e-06, -0.020497
2.617268e-06, -0.020719
2.617318e-06, -0.021368
2.617368e-06, -0.020912
2.617418e-06, -0.020580
2.617468e-06, -0.021949
2.617518e-06, -0.022461
2.617568e-06, -0.021327
2.617618e-06, -0.021133
2.617668e-06, -0.021230
2.617718e-06, -0.020705
2.617768e-06, -0.021686
2.617818e-06, -0.022544
2.617868e-06, -0.020774
2.617918e-06, -0.019460
2.617968e-06, -0.019709
2.618018e-06, -0.019059
2.618068e-06, -0.018631
2.618118e-06, -0.018769
2.618168e-06, -0.017483
2.618218e-06, -0.016847
2.618268e-06, -0.017483
2.618318e-06, -0.016073
2.618368e-06, -0.014344
2.618418e-06, -0.014704
2.618468e-06, -0.014026
2.618518e-06, -0.012187
2.618568e-06, -0.011399
2.618618e-06, -0.009975
2.618668e-06, -0.008813
2.618718e-06, -0.009698
2.618768e-06, -0.008689
2.618818e-06, -0.005716
2.618868e-06, -0.005661
2.618918e-06, -0.006020
2.618968e-06, -0.003808
2.619018e-06, -0.003075
2.619068e-06, -0.003642
2.619118e-06, -0.001817
2.619168e-06, -0.000282
2.619218e-06, -0.000904
2.619268e-06, -0.000337
2.619318e-06, 0.001474
2.619368e-06, 0.002069
2.619418e-06, 0.002221
2.619468e-06, 0.002802
2.619518e-06, 0.003092
2.619568e-06, 0.003438
2.619618e-06, 0.004337
2.619668e-06, 0.005000
2.619718e-06, 0.005042
2.619768e-06, 0.005360
2.619818e-06, 0.005954
2.619868e-06, 0.005816
2.619918e-06, 0.005401
2.619968e-06, 0.005885
2.620018e-06, 0.006591
2.620068e-06, 0.006909
2.620118e-06, 0.007766
2.620168e-06, 0.008596
2.620218e-06, 0.007987
2.620268e-06, 0.007268
2.620318e-06, 0.007946
2.620368e-06, 0.008872
2.620418e-06, 0.009287
2.620468e-06, 0.009494
2.620518e-06, 0.009149
2.620568e-06, 0.008775
2.620618e-06, 0.009149
2.620668e-06, 0.009356
2.620718e-06, 0.009301
2.620768e-06, 0.009425
2.620818e-06, 0.009107
2.620868e-06, 0.008761
2.620918e-06, 0.009301
2.620968e-06, 0.009467
2.621018e-06, 0.008831
2.621068e-06, 0.008844
2.621118e-06, 0.009245
2.621168e-06, 0.008844
2.621218e-06, 0.007821
2.621268e-06, 0.007088
2.621318e-06, 0.007240
2.621368e-06, 0.007628
2.621418e-06, 0.006992
2.621468e-06, 0.006231
2.621518e-06, 0.006604
2.621568e-06, 0.006853
2.621618e-06, 0.006355
2.621668e-06, 0.006010
2.621718e-06, 0.005457
2.621768e-06, 0.004599
2.621818e-06, 0.004157
2.621868e-06, 0.003784
2.621918e-06, 0.003521
2.621968e-06, 0.003894
2.622018e-06, 0.003687
2.622068e-06, 0.002498
2.622118e-06, 0.002180
2.622168e-06, 0.002747
2.622218e-06, 0.002567
2.622268e-06, 0.002014
2.622318e-06, 0.001903
2.622368e-06, 0.001571
2.622418e-06, 0.000825
2.622468e-06, 0.000714
2.622518e-06, 0.001295
2.622568e-06, 0.001350
2.622618e-06, 0.000852
2.622668e-06, 0.000935
2.622718e-06, 0.001212
2.622768e-06, 0.000672
2.622818e-06, 0.000230
2.622868e-06, 0.000603
2.622918e-06, 0.000520
2.622968e-06, -0.000378
2.623018e-06, -0.000600
2.623068e-06, -0.000185
2.623118e-06, -0.000503
2.623168e-06, -0.000766
2.623218e-06, 0.000147
2.623268e-06, 0.000562
2.623318e-06, -0.000130
2.623368e-06, 0.000119
2.623418e-06, 0.000811
2.623468e-06, -0.000074
2.623518e-06, -0.000973
2.623568e-06, -0.000586
2.623618e-06, -0.000461
2.623668e-06, -0.000378
2.623718e-06, 0.000119
2.623768e-06, -0.000378
2.623818e-06, -0.001015
2.623868e-06, -0.000807
2.623918e-06, -0.001167
2.623968e-06, -0.001125
2.624018e-06, 0.000119
2.624068e-06, -0.000323
2.624118e-06, -0.001734
2.624168e-06, -0.000987
2.624218e-06, -0.000544
2.624268e-06, -0.001830
2.624318e-06, -0.001568
2.624368e-06, -0.000475
2.624418e-06, -0.001360
2.624468e-06, -0.002093
2.624518e-06, -0.001015
2.624568e-06, -0.000351
2.624618e-06, -0.000627
2.624668e-06, -0.000406
2.624718e-06, -0.000461
2.624768e-06, -0.001388
2.624818e-06, -0.001581
2.624868e-06, -0.001277
2.624918e-06, -0.001982
2.624968e-06, -0.002453
2.625018e-06, -0.001498
2.625068e-06, -0.000669
2.625118e-06, -0.000531
2.625168e-06, -0.000185
2.625218e-06, 0.000119
2.625268e-06, 0.000244
2.625318e-06, 0.000161
2.625368e-06, -0.000558
2.625418e-06, -0.000724
2.625468e-06, 0.000230
2.625518e-06, 0.000493
2.625568e-06, 0.000092
2.625618e-06, 0.000216
2.625668e-06, 0.000202
2.625718e-06, 0.000576
2.625768e-06, 0.002083
2.625818e-06, 0.002000
2.625868e-06, 0.000244
2.625918e-06, 0.000562
2.625968e-06, 0.001931
2.626018e-06, 0.001557
2.626068e-06, 0.001557
2.626118e-06, 0.002553
2.626168e-06, 0.002318
2.626218e-06, 0.002124
2.626268e-06, 0.002788
2.626318e-06, 0.002193
2.626368e-06, 0.001544
2.626418e-06, 0.002401
2.626468e-06, 0.002442
2.626518e-06, 0.001571
2.626568e-06, 0.002083
2.626618e-06, 0.002816
2.626668e-06, 0.002290
2.626718e-06, 0.002069
2.626768e-06, 0.002456
2.626818e-06, 0.002180
2.626868e-06, 0.001765
2.626918e-06, 0.002276
2.626968e-06, 0.002843
2.627018e-06, 0.002608
2.627068e-06, 0.002387
2.627118e-06, 0.002498
2.627168e-06, 0.001723
2.627218e-06, 0.000894
2.627268e-06, 0.001875
2.627318e-06, 0.002899
2.627368e-06, 0.002304
2.627418e-06, 0.002041
2.627468e-06, 0.002401
2.627518e-06, 0.001737
2.627568e-06, 0.001267
2.627618e-06, 0.001958
2.627668e-06, 0.002304
2.627718e-06, 0.002332
2.627768e-06, 0.002581
2.627818e-06, 0.002193
2.627868e-06, 0.001765
2.627918e-06, 0.002373
2.627968e-06, 0.002885
2.628018e-06, 0.002802
2.628068e-06, 0.003106
2.628118e-06, 0.003493
2.628168e-06, 0.003078
2.628218e-06, 0.002346
2.628268e-06, 0.002346
2.628318e-06, 0.003023
2.628368e-06, 0.003466
2.628418e-06, 0.004143
2.628468e-06, 0.006107
2.628518e-06, 0.008457
2.628568e-06, 0.010448
2.628618e-06, 0.013200
2.628668e-06, 0.016463
2.628718e-06, 0.018828
2.628768e-06, 0.020819
2.628818e-06, 0.022644
2.628868e-06, 0.023584
2.628918e-06, 0.024718
2.628968e-06, 0.025977
2.629018e-06, 0.025258
2.629068e-06, 0.024068
2.629118e-06, 0.025078
2.629168e-06, 0.025797
2.629218e-06, 0.024801
2.629268e-06, 0.025382
2.629318e-06, 0.027359
2.629368e-06, 0.027871
2.629418e-06, 0.028120
2.629468e-06, 0.029267
2.629518e-06, 0.029572
2.629568e-06, 0.029323
2.629618e-06, 0.029544
2.629668e-06, 0.029129
2.629718e-06, 0.028300
2.629768e-06, 0.028009
2.629818e-06, 0.027235
2.629868e-06, 0.025990
2.629918e-06, 0.025437
2.629968e-06, 0.024939
2.630018e-06, 0.024138
2.630068e-06, 0.023557
2.630118e-06, 0.022630
2.630168e-06, 0.021911
2.630218e-06, 0.022395
2.630268e-06, 0.022077
2.630318e-06, 0.020031
2.630368e-06, 0.018745
2.630418e-06, 0.018662
2.630468e-06, 0.017957
2.630518e-06, 0.016602
2.630568e-06, 0.015205
2.630618e-06, 0.013822
2.630668e-06, 0.012827
2.630718e-06, 0.012011
2.630768e-06, 0.011029
2.630818e-06, 0.010282
2.630868e-06, 0.009397
2.630918e-06, 0.008208
2.630968e-06, 0.007586
2.631018e-06, 0.007102
2.631068e-06, 0.005553
2.631118e-06, 0.003991
2.631168e-06, 0.003313
2.631218e-06, 0.002594
2.631268e-06, 0.001654
2.631318e-06, 0.001018
2.631368e-06, 0.000175
2.631418e-06, -0.001042
2.631468e-06, -0.001678
2.631518e-06, -0.001485
2.631568e-06, -0.001720
2.631618e-06, -0.002881
2.631668e-06, -0.003642
2.631718e-06, -0.004029
2.631768e-06, -0.005038
2.631818e-06, -0.005149
2.631868e-06, -0.003974
2.631918e-06, -0.004112
2.631968e-06, -0.005232
2.632018e-06, -0.005218
2.632068e-06, -0.005232
2.632118e-06, -0.005896
2.632168e-06, -0.005799
2.632218e-06, -0.005688
2.632268e-06, -0.006034
2.632318e-06, -0.005674
2.632368e-06, -0.005674
2.632418e-06, -0.006545
2.632468e-06, -0.005965
2.632518e-06, -0.004485
2.632568e-06, -0.004817
2.632618e-06, -0.005868
2.632668e-06, -0.005439
2.632718e-06, -0.004541
2.632768e-06, -0.004845
2.632818e-06, -0.005799
2.632868e-06, -0.005840
2.632918e-06, -0.004720
2.632968e-06, -0.003739
2.633018e-06, -0.003573
2.633068e-06, -0.003476
2.633118e-06, -0.003116
2.633168e-06, -0.002466
2.633218e-06, -0.001498
2.633268e-06, -0.001277
2.633318e-06, -0.001817
2.633368e-06, -0.001374
2.633418e-06, -0.000669
2.633468e-06, -0.001250
2.633518e-06, -0.001277
2.633568e-06, -0.000033
2.633618e-06, 0.000050
2.633668e-06, -0.000503
2.633718e-06, 0.000244
2.633768e-06, 0.000894
2.633818e-06, 0.000825
2.633868e-06, 0.001654
2.633918e-06, 0.002263
2.633968e-06, 0.001544
2.634018e-06, 0.001792
2.634068e-06, 0.002926
2.634118e-06, 0.002581
2.634168e-06, 0.002193
2.634218e-06, 0.003092
2.634268e-06, 0.002829
2.634318e-06, 0.001986
2.634368e-06, 0.002940
2.634418e-06, 0.003466
2.634468e-06, 0.002567
2.634518e-06, 0.003037
2.634568e-06, 0.004019
2.634618e-06, 0.003742
2.634668e-06, 0.004074
2.634718e-06, 0.004599
2.634768e-06, 0.003687
2.634818e-06, 0.003894
2.634868e-06, 0.005235
2.634918e-06, 0.004046
2.634968e-06, 0.002263
2.635018e-06, 0.003203
2.635068e-06, 0.003991
2.635118e-06, 0.002940
2.635168e-06, 0.002857
2.635218e-06, 0.003549
2.635268e-06, 0.003355
2.635318e-06, 0.003590
2.635368e-06, 0.004115
2.635418e-06, 0.003369
2.635468e-06, 0.003037
2.635518e-06, 0.003797
2.635568e-06, 0.003396
2.635618e-06, 0.002788
2.635668e-06, 0.003701
2.635718e-06, 0.003549
2.635768e-06, 0.001806
2.635818e-06, 0.001765
2.635868e-06, 0.002954
2.635918e-06, 0.002691
2.635968e-06, 0.001903
2.636018e-06, 0.002110
2.636068e-06, 0.002373
2.636118e-06, 0.002014
2.636168e-06, 0.001779
2.636218e-06, 0.002110
2.636268e-06, 0.002346
2.636318e-06, 0.001806
2.636368e-06, 0.001281
2.636418e-06, 0.001654
2.636468e-06, 0.001917
2.636518e-06, 0.001474
2.636568e-06, 0.001447
2.636618e-06, 0.001737
2.636668e-06, 0.001115
2.636718e-06, 0.000534
2.636768e-06, 0.000977
2.636818e-06, 0.000866
2.636868e-06, -0.000088
2.636918e-06, 0.000050
2.636968e-06, 0.000755
2.637018e-06, 0.000175
2.637068e-06, -0.000558
2.637118e-06, -0.000240
2.637168e-06, -0.000323
2.637218e-06, -0.000876
2.637268e-06, -0.000157
2.637318e-06, 0.000576
2.637368e-06, -0.000461
2.637418e-06, -0.001125
2.637468e-06, 0.000036
2.637518e-06, 0.000589
2.637568e-06, 0.000188
2.637618e-06, 0.000769
2.637668e-06, 0.000880
2.637718e-06, -0.000213
2.637768e-06, 0.000216
2.637818e-06, 0.001613
2.637868e-06, 0.001281
2.637918e-06, 0.000451
2.637968e-06, 0.000562
2.638018e-06, 0.000465
2.638068e-06, 0.000230
2.638118e-06, 0.000783
2.638168e-06, 0.001447
2.638218e-06, 0.001696
2.638268e-06, 0.001751
2.638318e-06, 0.001765
2.638368e-06, 0.001530
2.638418e-06, 0.001018
2.638468e-06, 0.001170
2.638518e-06, 0.002276
2.638568e-06, 0.002829
2.638618e-06, 0.002553
2.638668e-06, 0.002622
2.638718e-06, 0.002636
2.638768e-06, 0.001903
2.638818e-06, 0.001267
2.638868e-06, 0.001239
2.638918e-06, 0.001488
2.638968e-06, 0.001488
2.639018e-06, 0.000894
2.639068e-06, 0.000742
2.639118e-06, 0.001474
2.639168e-06, 0.001226
2.639218e-06, 0.000368
2.639268e-06, 0.001046
2.639318e-06, 0.001709
2.639368e-06, 0.000921
2.639418e-06, 0.001101
2.639468e-06, 0.001931
2.639518e-06, 0.001115
2.639568e-06, 0.000313
2.639618e-06, 0.000977
2.639668e-06, 0.001419
2.639718e-06, 0.001461
2.639768e-06, 0.001198
2.639818e-06, 0.000078
2.639868e-06, -0.000033
2.639918e-06, 0.000949
2.639968e-06, 0.000576
2.640018e-06, 0.000424
2.640068e-06, 0.001626
2.640118e-06, 0.000963
2.640168e-06, -0.000544
2.640218e-06, 0.000396
2.640268e-06, 0.000990
2.640318e-06, -0.000157
2.640368e-06, 0.000050
2.640418e-06, 0.000576
2.640468e-06, -0.000378
2.640518e-06, -0.000365
2.640568e-06, 0.000534
2.640618e-06, 0.000092
2.640668e-06, 0.000161
2.640718e-06, 0.001378
2.640768e-06, 0.000852
2.640818e-06, -0.000531
2.640868e-06, -0.000157
2.640918e-06, 0.000327
2.640968e-06, -0.000088
2.641018e-06, 0.000036
2.641068e-06, -0.000116
2.641118e-06, -0.000945
2.641168e-06, -0.000655
2.641218e-06, -0.000047
2.641268e-06, -0.000434
2.641318e-06, -0.000213
2.641368e-06, 0.000064
2.641418e-06, -0.001208
2.641468e-06, -0.001595
2.641518e-06, 0.000064
2.641568e-06, 0.000700
2.641618e-06, -0.000420
2.641668e-06, -0.000890
2.641718e-06, -0.000268
2.641768e-06, 0.000299
2.641818e-06, 0.000354
2.641868e-06, 0.000230
2.641918e-06, 0.000410
2.641968e-06, 0.000451
2.642018e-06, -0.000296
2.642068e-06, -0.001125
2.642118e-06, -0.000448
2.642168e-06, 0.001295
2.642218e-06, 0.001447
2.642268e-06, -0.000130
2.642318e-06, -0.000282
2.642368e-06, 0.001032
2.642418e-06, 0.000852
2.642468e-06, 0.000161
2.642518e-06, 0.001032
2.642568e-06, 0.001502
2.642618e-06, 0.000907
2.642668e-06, 0.001281
2.642718e-06, 0.001820
2.642768e-06, 0.001350
2.642818e-06, 0.001571
2.642868e-06, 0.002553
2.642918e-06, 0.002747
2.642968e-06, 0.002733
2.643018e-06, 0.003175
2.643068e-06, 0.003535
2.643118e-06, 0.003853
2.643168e-06, 0.004143
2.643218e-06, 0.004088
2.643268e-06, 0.004226
2.643318e-06, 0.004710
2.643368e-06, 0.005056
2.643418e-06, 0.005332
2.643468e-06, 0.005388
2.643518e-06, 0.005152
2.643568e-06, 0.005816
2.643618e-06, 0.007752
2.643668e-06, 0.009301
2.643718e-06, 0.009881
2.643768e-06, 0.010863
2.643818e-06, 0.012785
2.643868e-06, 0.015094
2.643918e-06, 0.017708
2.643968e-06, 0.020280
2.644018e-06, 0.023045
2.644068e-06, 0.027387
2.644118e-06, 0.032503
2.644168e-06, 0.036292
2.644218e-06, 0.040163
2.644268e-06, 0.045280
2.644318e-06, 0.049220
2.644368e-06, 0.052138
2.644418e-06, 0.056217
2.644468e-06, 0.059605
2.644518e-06, 0.061444
2.644568e-06, 0.064237
2.644618e-06, 0.067127
2.644668e-06, 0.068454
2.644718e-06, 0.070750
2.644768e-06, 0.074538
2.644818e-06, 0.077124
2.644868e-06, 0.078797
2.644918e-06, 0.081120
2.644968e-06, 0.083098
2.645018e-06, 0.084328
2.645068e-06, 0.085656
2.645118e-06, 0.086859
2.645168e-06, 0.087536
2.645218e-06, 0.088145
2.645268e-06, 0.088463
2.645318e-06, 0.088241
2.645368e-06, 0.088407
2.645418e-06, 0.089237
2.645468e-06, 0.089652
2.645518e-06, 0.089624
2.645568e-06, 0.090067
2.645618e-06, 0.090578
2.645668e-06, 0.090357
2.645718e-06, 0.089928
2.645768e-06, 0.089610
2.645818e-06, 0.088933
2.645868e-06, 0.088310
2.645918e-06, 0.087965
2.645968e-06, 0.087204
2.646018e-06, 0.086388
2.646068e-06, 0.086126
2.646118e-06, 0.085656
2.646168e-06, 0.084881
2.646218e-06, 0.084328
2.646268e-06, 0.083416
2.646318e-06, 0.082143
2.646368e-06, 0.081148
2.646418e-06, 0.080069
2.646468e-06, 0.079046
2.646518e-06, 0.078258
2.646568e-06, 0.076419
2.646618e-06, 0.074372
2.646668e-06, 0.074234
2.646718e-06, 0.073681
2.646768e-06, 0.070791
2.646818e-06, 0.068980
2.646868e-06, 0.069035
2.646918e-06, 0.067735
2.646968e-06, 0.066076
2.647018e-06, 0.066062
2.647068e-06, 0.065233
2.647118e-06, 0.063338
2.647168e-06, 0.062882
2.647218e-06, 0.062246
2.647268e-06, 0.059757
2.647318e-06, 0.058042
2.647368e-06, 0.057323
2.647418e-06, 0.055277
2.647468e-06, 0.053009
2.647518e-06, 0.051737
2.647568e-06, 0.050064
2.647618e-06, 0.048806
2.647668e-06, 0.048944
2.647718e-06, 0.047921
2.647768e-06, 0.045363
2.647818e-06, 0.043842
2.647868e-06, 0.042625
2.647918e-06, 0.040495
2.647968e-06, 0.039002
2.648018e-06, 0.037315
2.648068e-06, 0.033803
2.648118e-06, 0.031024
2.648168e-06, 0.030042
2.648218e-06, 0.028064
2.648268e-06, 0.025299
2.648318e-06, 0.023861
2.648368e-06, 0.022202
2.648418e-06, 0.019201
2.648468e-06, 0.017030
2.648518e-06, 0.015910
2.648568e-06, 0.013781
2.648618e-06, 0.011015
2.648668e-06, 0.009010
2.648718e-06, 0.007254
2.648768e-06, 0.005208
2.648818e-06, 0.003479
2.648868e-06, 0.002180
2.648918e-06, 0.000506
2.648968e-06, -0.001692
2.649018e-06, -0.003600
2.649068e-06, -0.004942
2.649118e-06, -0.006504
2.649168e-06, -0.008633
2.649218e-06, -0.010127
2.649268e-06, -0.010625
2.649318e-06, -0.011551
2.649368e-06, -0.013044
2.649418e-06, -0.013957
2.649468e-06, -0.014787
2.649518e-06, -0.015976
2.649568e-06, -0.016418
2.649618e-06, -0.016888
2.649668e-06, -0.018672
2.649718e-06, -0.019516
2.649768e-06, -0.018548
2.649818e-06, -0.018838
2.649868e-06, -0.020221
2.649918e-06, -0.019986
2.649968e-06, -0.019377
2.650018e-06, -0.019930
2.650068e-06, -0.020235
2.650118e-06, -0.019903
2.650168e-06, -0.019709
2.650218e-06, -0.019474
2.650268e-06, -0.019225
2.650318e-06, -0.018880
2.650368e-06, -0.018216
2.650418e-06, -0.018008
2.650468e-06, -0.018161
2.650518e-06, -0.017898
2.650568e-06, -0.017483
2.650618e-06, -0.017013
2.650668e-06, -0.016474
2.650718e-06, -0.016169
2.650768e-06, -0.015367
2.650818e-06, -0.014275
2.650868e-06, -0.014206
2.650918e-06, -0.013971
2.650968e-06, -0.012713
2.651018e-06, -0.012187
2.651068e-06, -0.011911
2.651118e-06, -0.010583
2.651168e-06, -0.009781
2.651218e-06, -0.009463
2.651268e-06, -0.008371
2.651318e-06, -0.007790
2.651368e-06, -0.007541
2.651418e-06, -0.005923
2.651468e-06, -0.004789
2.651518e-06, -0.005011
2.651568e-06, -0.004485
2.651618e-06, -0.003752
2.651668e-06, -0.003227
2.651718e-06, -0.001028
2.651768e-06, 0.000686
2.651818e-06, -0.000475
2.651868e-06, -0.000655
2.651918e-06, 0.001640
2.651968e-06, 0.002608
2.652018e-06, 0.002235
2.652068e-06, 0.002899
2.652118e-06, 0.003507
2.652168e-06, 0.003936
2.652218e-06, 0.005374
2.652268e-06, 0.005913
2.652318e-06, 0.004904
2.652368e-06, 0.004862
2.652418e-06, 0.005623
2.652468e-06, 0.005636
2.652518e-06, 0.006217
2.652568e-06, 0.007545
2.652618e-06, 0.007821
2.652668e-06, 0.007572
2.652718e-06, 0.007821
2.652768e-06, 0.007365
2.652818e-06, 0.006743
2.652868e-06, 0.007794
2.652918e-06, 0.008554
2.652968e-06, 0.007420
2.653018e-06, 0.007406
2.653068e-06, 0.008706
2.653118e-06, 0.008112
2.653168e-06, 0.007171
2.653218e-06, 0.008596
2.653268e-06, 0.009480
2.653318e-06, 0.008153
2.653368e-06, 0.007628
2.653418e-06, 0.008098
2.653468e-06, 0.007213
2.653518e-06, 0.005927
2.653568e-06, 0.006148
2.653618e-06, 0.006604
2.653668e-06, 0.005844
2.653718e-06, 0.005180
2.653768e-06, 0.005664
2.653818e-06, 0.005941
2.653868e-06, 0.005498
2.653918e-06, 0.005235
2.653968e-06, 0.004530
2.654018e-06, 0.003355
2.654068e-06, 0.003659
2.654118e-06, 0.004558
2.654168e-06, 0.003466
2.654218e-06, 0.002207
2.654268e-06, 0.002829
2.654318e-06, 0.002954
2.654368e-06, 0.001972
2.654418e-06, 0.002221
2.654468e-06, 0.002788
2.654518e-06, 0.001557
2.654568e-06, 0.000534
2.654618e-06, 0.001226
2.654668e-06, 0.001308
2.654718e-06, 0.000327
2.654768e-06, 0.000437
2.654818e-06, 0.000534
2.654868e-06, -0.000697
2.654918e-06, -0.000669
2.654968e-06, 0.000493
2.655018e-06, -0.000351
2.655068e-06, -0.001581
2.655118e-06, -0.001028
2.655168e-06, -0.001015
2.655218e-06, -0.001830
2.655268e-06, -0.001554
2.655318e-06, -0.001222
2.655368e-06, -0.001250
2.655418e-06, -0.001001
2.655468e-06, -0.001429
2.655518e-06, -0.001982
2.655568e-06, -0.001595
2.655618e-06, -0.001720
2.655668e-06, -0.002397
2.655718e-06, -0.002328
2.655768e-06, -0.002397
2.655818e-06, -0.002923
2.655868e-06, -0.002950
2.655918e-06, -0.002784
2.655968e-06, -0.002632
2.656018e-06, -0.002494
2.656068e-06, -0.002937
2.656118e-06, -0.003476
2.656168e-06, -0.003725
2.656218e-06, -0.004264
2.656268e-06, -0.004416
2.656318e-06, -0.004084
2.656368e-06, -0.004278
2.656418e-06, -0.003918
2.656468e-06, -0.002826
2.656518e-06, -0.003462
2.656568e-06, -0.004623
2.656618e-06, -0.003545
2.656668e-06, -0.002356
2.656718e-06, -0.002757
2.656768e-06, -0.002453
2.656818e-06, -0.001775
2.656868e-06, -0.002397
2.656918e-06, -0.002466
2.656968e-06, -0.001457
2.657018e-06, -0.001623
2.657068e-06, -0.002010
2.657118e-06, -0.000793
2.657168e-06, -0.000378
2.657218e-06, -0.001485
2.657268e-06, -0.001153
2.657318e-06, 0.000078
2.657368e-06, -0.000213
2.657418e-06, -0.000392
2.657468e-06, 0.000589
2.657518e-06, 0.000603
2.657568e-06, 0.000175
2.657618e-06, 0.001239
2.657668e-06, 0.002152
2.657718e-06, 0.001751
2.657768e-06, 0.001806
2.657818e-06, 0.002318
2.657868e-06, 0.002193
2.657918e-06, 0.001931
2.657968e-06, 0.001308
2.658018e-06, 0.000341
2.658068e-06, 0.000894
2.658118e-06, 0.002484
2.658168e-06, 0.002636
2.658218e-06, 0.001613
2.658268e-06, 0.001101
2.658318e-06, 0.001516
2.658368e-06, 0.002332
2.658418e-06, 0.002747
2.658468e-06, 0.002871
2.658518e-06, 0.003120
2.658568e-06, 0.002816
2.658618e-06, 0.002594
2.658668e-06, 0.003452
2.658718e-06, 0.003369
2.658768e-06, 0.002193
2.658818e-06, 0.002954
2.658868e-06, 0.004337
2.658918e-06, 0.003673
2.658968e-06, 0.003383
2.659018e-06, 0.004309
2.659068e-06, 0.003784
2.659118e-06, 0.003009
2.659168e-06, 0.003756
2.659218e-06, 0.003867
2.659268e-06, 0.003148
2.659318e-06, 0.003438
2.659368e-06, 0.003728
2.659418e-06, 0.003645
2.659468e-06, 0.004516
2.659518e-06, 0.005139
2.659568e-06, 0.004655
2.659618e-06, 0.005235
2.659668e-06, 0.007033
2.659718e-06, 0.008056
2.659768e-06, 0.009301
2.659818e-06, 0.012011
2.659868e-06, 0.014693
2.659918e-06, 0.017072
2.659968e-06, 0.019989
2.660018e-06, 0.022423
2.660068e-06, 0.024013
2.660118e-06, 0.025188
2.660168e-06, 0.025258
2.660218e-06, 0.025036
2.660268e-06, 0.025617
2.660318e-06, 0.025340
2.660368e-06, 0.024207
2.660418e-06, 0.024663
2.660468e-06, 0.025700
2.660518e-06, 0.025741
2.660568e-06, 0.026474
2.660618e-06, 0.028009
2.660668e-06, 0.028424
2.660718e-06, 0.028631
2.660768e-06, 0.029655
2.660818e-06, 0.030180
2.660868e-06, 0.029931
2.660918e-06, 0.029572
2.660968e-06, 0.028521
2.661018e-06, 0.027083
2.661068e-06, 0.026461
2.661118e-06, 0.026308
2.661168e-06, 0.025728
2.661218e-06, 0.024967
2.661268e-06, 0.024359
2.661318e-06, 0.024055
2.661368e-06, 0.023902
2.661418e-06, 0.023349
2.661468e-06, 0.022437
2.661518e-06, 0.021635
2.661568e-06, 0.020777
2.661618e-06, 0.019699
2.661668e-06, 0.018510
2.661718e-06, 0.017196
2.661768e-06, 0.016201
2.661818e-06, 0.015634
2.661868e-06, 0.014417
2.661918e-06, 0.012633
2.661968e-06, 0.011748
2.662018e-06, 0.011333
2.662068e-06, 0.009992
2.662118e-06, 0.008554
2.662168e-06, 0.008056
2.662218e-06, 0.007351
2.662268e-06, 0.005927
2.662318e-06, 0.004931
2.662368e-06, 0.003977
2.662418e-06, 0.002124
2.662468e-06, 0.000769
2.662518e-06, 0.000838
2.662568e-06, 0.000506
2.662618e-06, -0.000752
2.662668e-06, -0.001471
2.662718e-06, -0.001941
2.662768e-06, -0.002992
2.662818e-06, -0.003614
2.662868e-06, -0.003434
2.662918e-06, -0.003476
2.662968e-06, -0.004153
2.663018e-06, -0.005052
2.663068e-06, -0.005329
2.663118e-06, -0.004720
2.663168e-06, -0.004886
2.663218e-06, -0.005868
2.663268e-06, -0.005301
2.663318e-06, -0.004098
2.663368e-06, -0.004776
2.663418e-06, -0.005412
2.663468e-06, -0.004706
2.663518e-06, -0.005453
2.663568e-06, -0.007140
2.663618e-06, -0.006338
2.663668e-06, -0.004693
2.663718e-06, -0.005246
2.663768e-06, -0.006020
2.663818e-06, -0.005287
2.663868e-06, -0.004720
2.663918e-06, -0.004845
2.663968e-06, -0.004734
2.664018e-06, -0.004541
2.664068e-06, -0.004388
2.664118e-06, -0.004112
2.664168e-06, -0.003987
2.664218e-06, -0.003946
2.664268e-06, -0.003974
2.664318e-06, -0.004222
2.664368e-06, -0.004098
2.664418e-06, -0.003421
2.664468e-06, -0.002784
2.664518e-06, -0.002287
2.664568e-06, -0.002190
2.664618e-06, -0.002632
2.664668e-06, -0.002065
2.664718e-06, -0.000392
2.664768e-06, -0.000088
2.664818e-06, -0.001056
2.664868e-06, -0.000959
2.664918e-06, -0.000392
2.664968e-06, -0.000517
2.665018e-06, -0.000143
2.665068e-06, 0.001212
2.665118e-06, 0.002138
2.665168e-06, 0.002180
2.665218e-06, 0.002041
2.665268e-06, 0.002359
2.665318e-06, 0.003051
2.665368e-06, 0.003576
2.665418e-06, 0.003728
2.665468e-06, 0.003466
2.665518e-06, 0.003203
2.665568e-06, 0.003797
2.665618e-06, 0.005056
2.665668e-06, 0.005360
2.665718e-06, 0.004696
2.665768e-06, 0.004420
2.665818e-06, 0.004295
2.665868e-06, 0.003922
2.665918e-06, 0.003894
2.665968e-06, 0.003687
2.666018e-06, 0.003051
2.666068e-06, 0.003438
2.666118e-06, 0.004074
2.666168e-06, 0.003258
2.666218e-06, 0.002857
2.666268e-06, 0.003797
2.666318e-06, 0.003493
2.666368e-06, 0.002553
2.666418e-06, 0.003217
2.666468e-06, 0.003576
2.666518e-06, 0.002498
2.666568e-06, 0.002249
2.666618e-06, 0.002373
2.666668e-06, 0.001613
2.666718e-06, 0.001654
2.666768e-06, 0.002332
2.666818e-06, 0.001986
2.666868e-06, 0.002041
2.666918e-06, 0.002594
2.666968e-06, 0.001502
2.667018e-06, 0.000686
2.667068e-06, 0.002221
2.667118e-06, 0.002829
2.667168e-06, 0.001433
2.667218e-06, 0.001322
2.667268e-06, 0.002041
2.667318e-06, 0.001709
2.667368e-06, 0.002083
2.667418e-06, 0.002470
2.667468e-06, 0.000742
2.667518e-06, -0.000060
2.667568e-06, 0.001544
2.667618e-06, 0.001709
2.667668e-06, 0.000631
2.667718e-06, 0.001239
2.667768e-06, 0.001557
2.667818e-06, 0.000451
2.667868e-06, 0.000935
2.667918e-06, 0.001972
2.667968e-06, 0.000589
2.668018e-06, -0.000793
2.668068e-06, 0.000036
2.668118e-06, 0.000700
2.668168e-06, 0.000202
2.668218e-06, -0.000088
2.668268e-06, -0.000157
2.668318e-06, -0.000171
2.668368e-06, 0.000285
2.668418e-06, 0.000341
2.668468e-06, -0.000627
2.668518e-06, -0.001153
2.668568e-06, -0.000434
2.668618e-06, 0.000050
2.668668e-06, -0.000199
2.668718e-06, -0.000047
2.668768e-06, 0.000271
2.668818e-06, -0.000448
2.668868e-06, -0.001346
2.668918e-06, -0.000876
2.668968e-06, 0.000119
2.669018e-06, 0.000188
2.669068e-06, 0.000119
2.669118e-06, 0.000755
2.669168e-06, 0.001336
2.669218e-06, 0.001391
2.669268e-06, 0.000935
2.669318e-06, 0.000050
2.669368e-06, 0.000133
2.669418e-06, 0.001391
2.669468e-06, 0.001267
2.669518e-06, 0.000105
2.669568e-06, 0.001143
2.669618e-06, 0.002733
2.669668e-06, 0.001696
2.669718e-06, 0.000576
2.669768e-06, 0.001433
2.669818e-06, 0.001834
2.669868e-06, 0.001502
2.669918e-06, 0.001668
2.669968e-06, 0.001308
2.670018e-06, 0.000977
2.670068e-06, 0.001640
2.670118e-06, 0.001267
2.670168e-06, 0.000271
2.670218e-06, 0.000838
2.670268e-06, 0.000990
2.670318e-06, -0.000240
2.670368e-06, -0.000088
2.670418e-06, 0.000894
2.670468e-06, 0.000672
2.670518e-06, 0.000603
2.670568e-06, 0.001433
2.670618e-06, 0.001875
2.670668e-06, 0.001391
2.670718e-06, 0.000009
2.670768e-06, -0.000697
2.670818e-06, 0.000935
2.670868e-06, 0.002124
2.670918e-06, 0.000617
2.670968e-06, -0.000406
2.671018e-06, 0.000451
2.671068e-06, 0.000631
2.671118e-06, 0.000092
2.671168e-06, 0.000258
2.671218e-06, 0.000299
2.671268e-06, -0.000116
2.671318e-06, -0.000033
2.671368e-06, 0.000341
2.671418e-06, 0.000258
2.671468e-06, -0.000019
2.671518e-06, -0.000130
2.671568e-06, -0.000489
2.671618e-06, -0.001015
2.671668e-06, -0.000586
2.671718e-06, 0.000285
2.671768e-06, -0.000240
2.671818e-06, -0.000890
2.671868e-06, 0.000424
2.671918e-06, 0.001198
2.671968e-06, -0.000323
2.672018e-06, -0.000821
2.672068e-06, 0.000506
2.672118e-06, 0.000354
2.672168e-06, -0.000807
2.672218e-06, -0.000461
2.672268e-06, 0.000285
2.672318e-06, 0.000105
2.672368e-06, -0.000060
2.672418e-06, 0.000009
2.672468e-06, 0.000147
2.672518e-06, 0.000520
2.672568e-06, 0.000188
2.672618e-06, -0.000517
2.672668e-06, -0.000157
2.672718e-06, 0.000064
2.672768e-06, -0.000697
2.672818e-06, -0.000448
2.672868e-06, 0.000424
2.672918e-06, 0.000216
2.672968e-06, 0.000368
2.673018e-06, 0.001087
2.673068e-06, 0.000188
2.673118e-06, -0.001001
2.673168e-06, -0.000226
2.673218e-06, 0.000755
2.673268e-06, 0.000465
2.673318e-06, 0.000493
2.673368e-06, 0.001184
2.673418e-06, 0.000949
2.673468e-06, -0.000019
2.673518e-06, -0.000060
2.673568e-06, 0.000520
2.673618e-06, 0.000493
2.673668e-06, 0.000506
2.673718e-06, 0.001073
2.673768e-06, 0.001198
2.673818e-06, 0.001364
2.673868e-06, 0.002276
2.673918e-06, 0.001945
2.673968e-06, 0.000576
2.674018e-06, 0.001032
2.674068e-06, 0.002041
2.674118e-06, 0.001544
2.674168e-06, 0.001779
2.674218e-06, 0.002885
2.674268e-06, 0.002719
2.674318e-06, 0.002664
2.674368e-06, 0.003549
2.674418e-06, 0.003839
2.674468e-06, 0.004060
2.674518e-06, 0.004586
2.674568e-06, 0.004281
2.674618e-06, 0.004060
2.674668e-06, 0.004447
2.674718e-06, 0.004364
2.674768e-06, 0.004544
2.674818e-06, 0.005208
2.674868e-06, 0.005305
2.674918e-06, 0.006328
2.674968e-06, 0.008513
2.675018e-06, 0.009315
2.675068e-06, 0.010296
2.675118e-06, 0.013712
2.675168e-06, 0.016367
2.675218e-06, 0.017611
2.675268e-06, 0.021289
2.675318e-06, 0.026308
2.675368e-06, 0.029917
2.675418e-06, 0.034218
2.675468e-06, 0.039762
2.675518e-06, 0.043980
2.675568e-06, 0.047686
2.675618e-06, 0.052290
2.675668e-06, 0.056037
2.675718e-06, 0.058775
2.675768e-06, 0.061817
2.675818e-06, 0.064527
2.675868e-06, 0.067002
2.675918e-06, 0.070210
2.675968e-06, 0.072838
2.676018e-06, 0.074124
2.676068e-06, 0.076059
2.676118e-06, 0.079074
2.676168e-06, 0.081577
2.676218e-06, 0.083429
2.676268e-06, 0.084978
2.676318e-06, 0.086015
2.676368e-06, 0.087232
2.676418e-06, 0.088670
2.676468e-06, 0.088960
2.676518e-06, 0.088546
2.676568e-06, 0.089154
2.676618e-06, 0.090080
2.676668e-06, 0.089818
2.676718e-06, 0.089417
2.676768e-06, 0.089790
2.676818e-06, 0.089901
2.676868e-06, 0.089417
2.676918e-06, 0.088988
2.676968e-06, 0.088421
2.677018e-06, 0.087647
2.677068e-06, 0.086928
2.677118e-06, 0.085683
2.677168e-06, 0.083927
2.677218e-06, 0.082351
2.677268e-06, 0.080609
2.677318e-06, 0.078839
2.677368e-06, 0.077926
2.677418e-06, 0.076723
2.677468e-06, 0.074414
2.677518e-06, 0.072561
2.677568e-06, 0.071109
2.677618e-06, 0.068745
2.677668e-06, 0.066588
2.677718e-06, 0.064928
2.677768e-06, 0.061845
2.677818e-06, 0.058333
2.677868e-06, 0.056176
2.677918e-06, 0.053217
2.677968e-06, 0.048764
2.678018e-06, 0.045929
2.678068e-06, 0.044035
2.678118e-06, 0.040288
2.678168e-06, 0.036790
2.678218e-06, 0.034909
2.678268e-06, 0.031701
2.678318e-06, 0.027498
2.678368e-06, 0.024857
2.678418e-06, 0.022119
2.678468e-06, 0.018261
2.678518e-06, 0.015136
2.678568e-06, 0.012357
2.678618e-06, 0.009342
2.678668e-06, 0.007116
2.678718e-06, 0.004696
2.678768e-06, 0.001806
2.678818e-06, 0.000175
2.678868e-06, -0.001623
2.678918e-06, -0.005066
2.678968e-06, -0.007472
2.679018e-06, -0.008205
2.679068e-06, -0.009491
2.679118e-06, -0.011067
2.679168e-06, -0.012450
2.679218e-06, -0.014565
2.679268e-06, -0.016197
2.679318e-06, -0.016252
2.679368e-06, -0.016778
2.679418e-06, -0.018686
2.679468e-06, -0.020318
2.679518e-06, -0.021147
2.679568e-06, -0.021700
2.679618e-06, -0.021576
2.679668e-06, -0.021189
2.679718e-06, -0.021922
2.679768e-06, -0.023249
2.679818e-06, -0.023622
2.679868e-06, -0.023401
2.679918e-06, -0.023290
2.679968e-06, -0.023221
2.680018e-06, -0.023802
2.680068e-06, -0.024286
2.680118e-06, -0.023484
2.680168e-06, -0.023304
2.680218e-06, -0.024328
2.680268e-06, -0.023733
2.680318e-06, -0.022765
2.680368e-06, -0.023802
2.680418e-06, -0.023650
2.680468e-06, -0.021742
2.680518e-06, -0.022032
2.680568e-06, -0.022516
2.680618e-06, -0.020304
2.680668e-06, -0.019253
2.680718e-06, -0.019958
2.680768e-06, -0.018451
2.680818e-06, -0.016861
2.680868e-06, -0.017372
2.680918e-06, -0.016349
2.680968e-06, -0.014164
2.681018e-06, -0.013805
2.681068e-06, -0.012837
2.681118e-06, -0.010763
2.681168e-06, -0.010721
2.681218e-06, -0.010763
2.681268e-06, -0.008855
2.681318e-06, -0.007596
2.681368e-06, -0.006822
2.681418e-06, -0.005439
2.681468e-06, -0.005508
2.681518e-06, -0.005343
2.681568e-06, -0.002715
2.681618e-06, -0.001554
2.681668e-06, -0.002536
2.681718e-06, -0.001734
2.681768e-06, -0.000558
2.681818e-06, -0.000683
2.681868e-06, 0.000686
2.681918e-06, 0.002263
2.681968e-06, 0.001461
2.682018e-06, 0.001474
2.682068e-06, 0.003493
2.682118e-06, 0.004157
2.682168e-06, 0.003742
2.682218e-06, 0.004019
2.682268e-06, 0.004212
2.682318e-06, 0.004613
2.682368e-06, 0.005526
2.682418e-06, 0.005692
2.682468e-06, 0.006010
2.682518e-06, 0.007337
2.682568e-06, 0.007655
2.682618e-06, 0.007213
2.682668e-06, 0.007876
2.682718e-06, 0.008333
2.682768e-06, 0.007890
2.682818e-06, 0.008430
2.682868e-06, 0.009010
2.682918e-06, 0.008029
2.682968e-06, 0.007932
2.683018e-06, 0.009494
2.683068e-06, 0.009646
2.683118e-06, 0.008485
2.683168e-06, 0.008720
2.683218e-06, 0.009771
2.683268e-06, 0.009909
2.683318e-06, 0.010006
2.683368e-06, 0.010296
2.683418e-06, 0.009743
2.683468e-06, 0.009204
2.683518e-06, 0.009453
2.683568e-06, 0.009259
2.683618e-06, 0.008734
2.683668e-06, 0.008803
2.683718e-06, 0.008720
2.683768e-06, 0.008526
2.683818e-06, 0.008692
2.683868e-06, 0.007821
2.683918e-06, 0.006687
2.683968e-06, 0.007545
2.684018e-06, 0.008195
2.684068e-06, 0.006812
2.684118e-06, 0.006203
2.684168e-06, 0.006494
2.684218e-06, 0.005844
2.684268e-06, 0.005899
2.684318e-06, 0.006024
2.684368e-06, 0.003867
2.684418e-06, 0.002926
2.684468e-06, 0.004738
2.684518e-06, 0.004226
2.684568e-06, 0.001958
2.684618e-06, 0.002553
2.684668e-06, 0.003355
2.684718e-06, 0.002014
2.684768e-06, 0.001917
2.684818e-06, 0.002470
2.684868e-06, 0.001101
2.684918e-06, 0.000576
2.684968e-06, 0.001682
2.685018e-06, 0.001419
2.685068e-06, 0.000825
2.685118e-06, 0.001295
2.685168e-06, 0.000728
2.685218e-06, -0.000309
2.685268e-06, 0.000133
2.685318e-06, 0.000755
2.685368e-06, 0.000659
2.685418e-06, 0.000410
2.685468e-06, -0.000296
2.685518e-06, -0.001139
2.685568e-06, -0.001277
2.685618e-06, -0.001042
2.685668e-06, -0.000544
2.685718e-06, -0.000074
2.685768e-06, -0.000337
2.685818e-06, -0.000558
2.685868e-06, -0.000296
2.685918e-06, -0.000489
2.685968e-06, -0.000489
2.686018e-06, 0.000299
2.686068e-06, 0.000009
2.686118e-06, -0.000904
2.686168e-06, -0.000614
2.686218e-06, -0.000766
2.686268e-06, -0.001651
2.686318e-06, -0.000835
2.686368e-06, 0.000133
2.686418e-06, -0.000849
2.686468e-06, -0.001194
2.686518e-06, -0.000448
2.686568e-06, -0.000683
2.686618e-06, -0.000392
2.686668e-06, 0.000742
2.686718e-06, 0.000230
2.686768e-06, -0.000503
2.686818e-06, 0.000313
2.686868e-06, 0.000175
2.686918e-06, -0.001001
2.686968e-06, -0.000807
2.687018e-06, -0.000461
2.687068e-06, -0.000973
2.687118e-06, -0.000862
2.687168e-06, -0.000683
2.687218e-06, -0.001167
2.687268e-06, -0.001028
2.687318e-06, -0.000586
2.687368e-06, -0.000738
2.687418e-06, -0.000365
2.687468e-06, -0.000005
2.687518e-06, -0.001001
2.687568e-06, -0.001664
2.687618e-06, -0.001028
2.687668e-06, -0.000475
2.687718e-06, -0.000102
2.687768e-06, 0.000175
2.687818e-06, -0.000378
2.687868e-06, -0.000544
2.687918e-06, 0.000424
2.687968e-06, 0.000797
2.688018e-06, 0.000285
2.688068e-06, 0.000603
2.688118e-06, 0.001626
2.688168e-06, 0.001668
2.688218e-06, 0.000921
2.688268e-06, 0.001087
2.688318e-06, 0.001737
2.688368e-06, 0.001599
2.688418e-06, 0.001557
2.688468e-06, 0.002069
2.688518e-06, 0.002110
2.688568e-06, 0.002249
2.688618e-06, 0.002525
2.688668e-06, 0.001820
2.688718e-06, 0.001723
2.688768e-06, 0.002802
2.688818e-06, 0.002401
2.688868e-06, 0.001557
2.688918e-06, 0.002608
2.688968e-06, 0.003258
2.689018e-06, 0.002982
2.689068e-06, 0.003908
2.689118e-06, 0.004115
2.689168e-06, 0.002733
2.689218e-06, 0.002899
2.689268e-06, 0.003880
2.689318e-06, 0.002829
2.689368e-06, 0.001820
2.689418e-06, 0.002484
2.689468e-06, 0.002719
2.689518e-06, 0.002166
2.689568e-06, 0.002152
2.689618e-06, 0.002332
2.689668e-06, 0.002456
2.689718e-06, 0.002802
2.689768e-06, 0.002899
2.689818e-06, 0.003161
2.689868e-06, 0.003908
2.689918e-06, 0.003286
2.689968e-06, 0.001779
2.690018e-06, 0.002304
2.690068e-06, 0.003521
2.690118e-06, 0.002899
2.690168e-06, 0.002636
2.690218e-06, 0.003493
2.690268e-06, 0.003189
2.690318e-06, 0.002940
2.690368e-06, 0.003742
2.690418e-06, 0.003300
2.690468e-06, 0.002816
2.690518e-06, 0.003936
2.690568e-06, 0.003521
2.690618e-06, 0.002097
2.690668e-06, 0.003341
2.690718e-06, 0.004254
2.690768e-06, 0.002608
2.690818e-06, 0.003023
2.690868e-06, 0.005844
2.690918e-06, 0.006881
2.690968e-06, 0.007185
2.691018e-06, 0.009204
2.691068e-06, 0.011707
2.691118e-06, 0.014251
2.691168e-06, 0.017321
2.691218e-06, 0.019837
2.691268e-06, 0.021483
2.691318e-06, 0.023239
2.691368e-06, 0.024884
2.691418e-06, 0.025271
2.691468e-06, 0.024898
2.691518e-06, 0.025230
2.691568e-06, 0.025548
2.691618e-06, 0.025050
2.691668e-06, 0.025396
2.691718e-06, 0.026557
2.691768e-06, 0.026599
2.691818e-06, 0.027027
2.691868e-06, 0.029240
2.691918e-06, 0.030277
2.691968e-06, 0.029392
2.692018e-06, 0.029641
2.692068e-06, 0.030595
2.692118e-06, 0.030249
2.692168e-06, 0.029821
2.692218e-06, 0.029599
2.692268e-06, 0.028217
2.692318e-06, 0.027235
2.692368e-06, 0.027539
2.692418e-06, 0.026419
2.692468e-06, 0.024317
2.692518e-06, 0.024469
2.692568e-06, 0.025161
2.692618e-06, 0.023889
2.692668e-06, 0.023100
2.692718e-06, 0.023391
2.692768e-06, 0.021939
2.692818e-06, 0.020058
2.692868e-06, 0.019948
2.692918e-06, 0.019381
2.692968e-06, 0.017431
2.693018e-06, 0.016505
2.693068e-06, 0.016145
2.693118e-06, 0.014403
2.693168e-06, 0.012661
2.693218e-06, 0.012384
2.693268e-06, 0.012246
2.693318e-06, 0.011112
2.693368e-06, 0.009868
2.693418e-06, 0.009245
2.693468e-06, 0.008333
2.693518e-06, 0.006508
2.693568e-06, 0.005000
2.693618e-06, 0.004461
2.693668e-06, 0.003300
2.693718e-06, 0.001723
2.693768e-06, 0.001696
2.693818e-06, 0.001640
2.693868e-06, -0.000351
2.693918e-06, -0.001485
2.693968e-06, -0.000586
2.694018e-06, -0.001263
2.694068e-06, -0.003255
2.694118e-06, -0.002923
2.694168e-06, -0.001927
2.694218e-06, -0.003130
2.694268e-06, -0.003987
2.694318e-06, -0.003448
2.694368e-06, -0.004264
2.694418e-06, -0.005536
2.694468e-06, -0.005011
2.694518e-06, -0.004914
2.694568e-06, -0.006048
2.694618e-06, -0.005785
2.694668e-06, -0.005107
2.694718e-06, -0.005937
2.694768e-06, -0.006006
2.694818e-06, -0.004762
2.694868e-06, -0.004859
2.694918e-06, -0.005508
2.694968e-06, -0.005094
2.695018e-06, -0.005052
2.695068e-06, -0.005052
2.695118e-06, -0.003891
2.695168e-06, -0.003849
2.695218e-06, -0.004969
2.695268e-06, -0.004250
2.695318e-06, -0.003199
2.695368e-06, -0.004084
2.695418e-06, -0.004402
2.695468e-06, -0.003752
2.695518e-06, -0.004554
2.695568e-06, -0.004900
2.695618e-06, -0.003338
2.695668e-06, -0.003033
2.695718e-06, -0.003656
2.695768e-06, -0.002259
2.695818e-06, -0.001139
2.695868e-06, -0.002204
2.695918e-06, -0.002010
2.695968e-06, -0.000434
2.696018e-06, -0.000973
2.696068e-06, -0.001581
2.696118e-06, 0.000562
2.696168e-06, 0.002041
2.696218e-06, 0.001308
2.696268e-06, 0.001516
2.696318e-06, 0.002166
2.696368e-06, 0.001433
2.696418e-06, 0.001751
2.696468e-06, 0.003341
2.696518e-06, 0.003562
2.696568e-06, 0.003549
2.696618e-06, 0.004489
2.696668e-06, 0.004378
2.696718e-06, 0.003756
2.696768e-06, 0.004240
2.696818e-06, 0.004157
2.696868e-06, 0.003369
2.696918e-06, 0.003991
2.696968e-06, 0.004779
2.697018e-06, 0.003963
2.697068e-06, 0.003576
2.697118e-06, 0.004779
2.697168e-06, 0.005318
2.697218e-06, 0.004461
2.697268e-06, 0.003963
2.697318e-06, 0.004143
2.697368e-06, 0.003936
2.697418e-06, 0.003784
2.697468e-06, 0.004323
2.697518e-06, 0.004461
2.697568e-06, 0.003756
2.697618e-06, 0.003479
2.697668e-06, 0.003853
2.697718e-06, 0.004019
2.697768e-06, 0.003797
2.697818e-06, 0.003576
2.697868e-06, 0.003549
2.697918e-06, 0.003244
2.697968e-06, 0.002843
2.698018e-06, 0.003369
2.698068e-06, 0.003770
2.698118e-06, 0.002511
2.698168e-06, 0.001889
2.698218e-06, 0.003106
2.698268e-06, 0.003120
2.698318e-06, 0.002124
2.698368e-06, 0.002567
2.698418e-06, 0.002456
2.698468e-06, 0.001239
2.698518e-06, 0.001889
2.698568e-06, 0.002733
2.698618e-06, 0.001295
2.698668e-06, 0.000700
2.698718e-06, 0.001751
2.698768e-06, 0.001461
2.698818e-06, 0.000894
2.698868e-06, 0.001391
2.698918e-06, 0.000783
2.698968e-06, -0.000185
2.699018e-06, 0.000368
2.699068e-06, 0.000410
2.699118e-06, -0.000503
2.699168e-06, 0.000023
2.699218e-06, 0.000742
2.699268e-06, -0.000116
2.699318e-06, -0.000503
2.699368e-06, 0.000147
2.699418e-06, -0.000088
2.699468e-06, -0.000876
2.699518e-06, -0.000766
2.699568e-06, -0.000309
2.699618e-06, -0.000254
2.699668e-06, -0.000130
2.699718e-06, 0.000036
2.699768e-06, -0.000392
2.699818e-06, -0.000710
2.699868e-06, 0.000009
2.699918e-06, 0.000382
2.699968e-06, -0.000226
2.700018e-06, -0.000199
2.700068e-06, 0.000009
2.700118e-06, -0.000641
2.700168e-06, -0.000268
2.700218e-06, 0.001046
2.700268e-06, 0.000714
2.700318e-06, -0.000033
2.700368e-06, 0.000493
2.700418e-06, 0.000410
2.700468e-06, -0.000033
2.700518e-06, 0.000866
2.700568e-06, 0.001336
2.700618e-06, 0.000645
2.700668e-06, 0.001018
2.700718e-06, 0.001931
2.700768e-06, 0.001364
2.700818e-06, 0.000437
2.700868e-06, 0.000949
2.700918e-06, 0.001972
2.700968e-06, 0.001848
2.701018e-06, 0.000852
2.701068e-06, 0.000451
2.701118e-06, 0.000921
2.701168e-06, 0.001350
2.701218e-06, 0.001281
2.701268e-06, 0.000838
2.701318e-06, 0.000506
2.701368e-06, 0.000811
2.701418e-06, 0.001488
2.701468e-06, 0.001820
2.701518e-06, 0.001267
2.701568e-06, -0.000047
2.701618e-06, -0.000779
2.701668e-06, -0.000060
2.701718e-06, 0.000382
2.701768e-06, -0.000489
2.701818e-06, -0.000572
2.701868e-06, 0.000617
2.701918e-06, 0.000990
2.701968e-06, 0.000576
2.702018e-06, 0.000327
2.702068e-06, -0.000309
2.702118e-06, -0.000475
2.702168e-06, 0.000728
2.702218e-06, 0.001046
2.702268e-06, -0.000171
2.702318e-06, -0.000378
2.702368e-06, 0.000755
2.702418e-06, 0.001295
2.702468e-06, 0.000714
2.702518e-06, -0.000019
2.702568e-06, -0.000047
2.702618e-06, 0.000244
2.702668e-06, -0.000351
2.702718e-06, -0.001250
2.702768e-06, -0.000807
2.702818e-06, 0.000009
2.702868e-06, -0.000240
2.702918e-06, -0.000282
2.702968e-06, 0.000258
2.703018e-06, 0.000036
2.703068e-06, -0.000434
2.703118e-06, -0.000544
2.703168e-06, -0.000807
2.703218e-06, -0.000434
2.703268e-06, 0.000437
2.703318e-06, -0.000143
2.703368e-06, -0.000945
2.703418e-06, -0.000448
2.703468e-06, -0.000669
2.703518e-06, -0.001305
2.703568e-06, -0.000060
2.703618e-06, 0.000506
2.703668e-06, -0.000959
2.703718e-06, -0.000849
2.703768e-06, 0.000230
2.703818e-06, -0.000655
2.703868e-06, -0.001028
2.703918e-06, 0.000341
2.703968e-06, 0.000645
2.704018e-06, 0.000271
2.704068e-06, 0.000437
2.704118e-06, -0.000448
2.704168e-06, -0.001305
2.704218e-06, -0.000683
2.704268e-06, -0.000766
2.704318e-06, -0.001360
2.704368e-06, -0.000365
2.704418e-06, 0.000064
2.704468e-06, -0.001250
2.704518e-06, -0.001277
2.704568e-06, -0.000088
2.704618e-06, -0.000226
2.704668e-06, -0.000600
2.704718e-06, 0.000119
2.704768e-06, 0.000202
2.704818e-06, -0.000738
2.704868e-06, -0.000779
2.704918e-06, 0.000299
2.704968e-06, 0.000963
2.705018e-06, 0.000866
2.705068e-06, 0.001032
2.705118e-06, 0.001696
2.705168e-06, 0.001654
2.705218e-06, 0.000963
2.705268e-06, 0.001585
2.705318e-06, 0.003051
2.705368e-06, 0.002747
2.705418e-06, 0.001640
2.705468e-06, 0.002180
2.705518e-06, 0.002816
2.705568e-06, 0.002373
2.705618e-06, 0.002899
2.705668e-06, 0.004019
2.705718e-06, 0.003908
2.705768e-06, 0.003618
2.705818e-06, 0.003742
2.705868e-06, 0.003466
2.705918e-06, 0.003825
2.705968e-06, 0.004807
2.706018e-06, 0.004765
2.706068e-06, 0.004751
2.706118e-06, 0.006148
2.706168e-06, 0.007835
2.706218e-06, 0.009370
2.706268e-06, 0.010974
2.706318e-06, 0.012149
2.706368e-06, 0.013933
2.706418e-06, 0.017086
2.706468e-06, 0.020639
2.706518e-06, 0.024580
2.706568e-06, 0.029005
2.706618e-06, 0.032987
2.706668e-06, 0.037011
2.706718e-06, 0.041339
2.706768e-06, 0.044879
2.706818e-06, 0.048418
2.706868e-06, 0.052387
2.706918e-06, 0.055291
2.706968e-06, 0.058167
2.707018e-06, 0.062108
2.707068e-06, 0.064832
2.707118e-06, 0.066256
2.707168e-06, 0.068759
2.707218e-06, 0.071814
2.707268e-06, 0.074013
2.707318e-06, 0.075797
2.707368e-06, 0.077732
2.707418e-06, 0.080028
2.707468e-06, 0.081563
2.707518e-06, 0.081397
2.707568e-06, 0.082060
2.707618e-06, 0.084273
2.707668e-06, 0.084494
2.707718e-06, 0.083664
2.707768e-06, 0.084895
2.707818e-06, 0.085490
2.707868e-06, 0.084245
2.707918e-06, 0.084688
2.707968e-06, 0.085614
2.708018e-06, 0.084190
2.708068e-06, 0.083360
2.708118e-06, 0.084314
2.708168e-06, 0.083595
2.708218e-06, 0.081563
2.708268e-06, 0.080913
2.708318e-06, 0.080387
2.708368e-06, 0.078742
2.708418e-06, 0.077290
2.708468e-06, 0.076046
2.708518e-06, 0.074552
2.708568e-06, 0.073653
2.708618e-06, 0.072229
2.708668e-06, 0.069146
2.708718e-06, 0.067224
2.708768e-06, 0.067058
2.708818e-06, 0.064887
2.708868e-06, 0.061485
2.708918e-06, 0.060351
2.708968e-06, 0.059273
2.709018e-06, 0.055968
2.709068e-06, 0.053161
2.709118e-06, 0.051377
2.709168e-06, 0.048239
2.709218e-06, 0.044906
2.709268e-06, 0.042832
2.709318e-06, 0.039776
2.709368e-06, 0.035739
2.709418e-06, 0.033609
2.709468e-06, 0.032171
2.709518e-06, 0.028548
2.709568e-06, 0.024456
2.709618e-06, 0.022105
2.709668e-06, 0.019934
2.709718e-06, 0.017044
2.709768e-06, 0.014527
2.709818e-06, 0.011942
2.709868e-06, 0.008817
2.709918e-06, 0.006383
2.709968e-06, 0.004779
2.710018e-06, 0.003051
2.710068e-06, 0.001060
2.710118e-06, -0.001250
2.710168e-06, -0.003545
2.710218e-06, -0.004748
2.710268e-06, -0.005744
2.710318e-06, -0.008149
2.710368e-06, -0.010417
2.710418e-06, -0.010929
2.710468e-06, -0.011675
2.710518e-06, -0.013805
2.710568e-06, -0.015354
2.710618e-06, -0.015948
2.710668e-06, -0.016861
2.710718e-06, -0.017884
2.710768e-06, -0.018769
2.710818e-06, -0.020013
2.710868e-06, -0.020566
2.710918e-06, -0.020179
2.710968e-06, -0.020719
2.711018e-06, -0.021839
2.711068e-06, -0.021742
2.711118e-06, -0.021604
2.711168e-06, -0.022751
2.711218e-06, -0.023318
2.711268e-06, -0.022488
2.711318e-06, -0.021963
2.711368e-06, -0.022087
2.711418e-06, -0.022101
2.711468e-06, -0.022309
2.711518e-06, -0.022309
2.711568e-06, -0.021604
2.711618e-06, -0.021576
2.711668e-06, -0.022281
2.711718e-06, -0.022074
2.711768e-06, -0.021424
2.711818e-06, -0.021272
2.711868e-06, -0.020677
2.711918e-06, -0.019903
2.711968e-06, -0.019751
2.712018e-06, -0.018617
2.712068e-06, -0.016432
2.712118e-06, -0.015755
2.712168e-06, -0.015976
2.712218e-06, -0.014883
2.712268e-06, -0.013791
2.712318e-06, -0.013833
2.712368e-06, -0.013335
2.712418e-06, -0.012367
2.712468e-06, -0.012007
2.712518e-06, -0.011026
2.712568e-06, -0.008896
2.712618e-06, -0.007610
2.712668e-06, -0.007417
2.712718e-06, -0.006725
2.712768e-06, -0.005716
2.712818e-06, -0.005107
2.712868e-06, -0.004527
2.712918e-06, -0.003642
2.712968e-06, -0.002619
2.713018e-06, -0.002273
2.713068e-06, -0.002453
2.713118e-06, -0.001346
2.713168e-06, 0.000119
2.713218e-06, -0.000171
2.713268e-06, 0.000202
2.713318e-06, 0.002138
2.713368e-06, 0.002069
2.713418e-06, 0.001378
2.713468e-06, 0.003148
2.713518e-06, 0.003977
2.713568e-06, 0.002843
2.713618e-06, 0.003618
2.713668e-06, 0.004876
2.713718e-06, 0.004337
2.713768e-06, 0.004931
2.713818e-06, 0.006715
2.713868e-06, 0.006660
2.713918e-06, 0.005982
2.713968e-06, 0.006715
2.714018e-06, 0.007558
2.714068e-06, 0.007545
2.714118e-06, 0.007628
2.714168e-06, 0.008222
2.714218e-06, 0.008264
2.714268e-06, 0.007323
2.714318e-06, 0.007268
2.714368e-06, 0.008623
2.714418e-06, 0.008775
2.714468e-06, 0.007586
2.714518e-06, 0.007697
2.714568e-06, 0.008430
2.714618e-06, 0.008208
2.714668e-06, 0.008236
2.714718e-06, 0.008761
2.714768e-06, 0.008817
2.714818e-06, 0.008665
2.714868e-06, 0.008070
2.714918e-06, 0.007323
2.714968e-06, 0.007572
2.715018e-06, 0.007434
2.715068e-06, 0.006438
2.715118e-06, 0.007393
2.715168e-06, 0.008637
2.715218e-06, 0.006839
2.715268e-06, 0.005540
2.715318e-06, 0.006798
2.715368e-06, 0.006535
2.715418e-06, 0.005318
2.715468e-06, 0.005996
2.715518e-06, 0.005664
2.715568e-06, 0.004143
2.715618e-06, 0.004987
2.715668e-06, 0.005636
2.715718e-06, 0.004171
2.715768e-06, 0.004254
2.715818e-06, 0.004821
2.715868e-06, 0.003065
2.715918e-06, 0.002664
2.715968e-06, 0.004032
2.716018e-06, 0.002912
2.716068e-06, 0.001668
2.716118e-06, 0.003009
2.716168e-06, 0.002940
2.716218e-06, 0.001018
2.716268e-06, 0.000838
2.716318e-06, 0.001253
2.716368e-06, 0.000755
2.716418e-06, 0.000935
2.716468e-06, 0.001253
2.716518e-06, 0.000935
2.716568e-06, 0.001129
2.716618e-06, 0.000977
2.716668e-06, 0.000078
2.716718e-06, 0.000299
2.716768e-06, 0.000742
2.716818e-06, 0.000133
2.716868e-06, 0.000105
2.716918e-06, 0.000313
2.716968e-06, -0.000296
2.717018e-06, 0.000368
2.717068e-06, 0.001599
2.717118e-06, 0.000562
2.717168e-06, -0.000697
2.717218e-06, -0.000378
2.717268e-06, -0.000710
2.717318e-06, -0.000904
2.717368e-06, 0.000783
2.717418e-06, 0.001350
2.717468e-06, -0.000199
2.717518e-06, -0.000517
2.717568e-06, 0.000175
2.717618e-06, -0.000392
2.717668e-06, -0.000517
2.717718e-06, 0.000576
2.717768e-06, 0.000534
2.717818e-06, -0.000033
2.717868e-06, 0.000852
2.717918e-06, 0.001101
2.717968e-06, -0.000047
2.718018e-06, 0.000271
2.718068e-06, 0.001184
2.718118e-06, 0.000493
2.718168e-06, 0.000133
2.718218e-06, 0.000548
2.718268e-06, -0.000240
2.718318e-06, -0.000461
2.718368e-06, 0.000755
2.718418e-06, 0.000285
2.718468e-06, -0.000821
2.718518e-06, 0.000354
2.718568e-06, 0.000866
2.718618e-06, -0.000821
2.718668e-06, -0.000959
2.718718e-06, 0.000023
2.718768e-06, -0.000697
2.718818e-06, -0.000766
2.718868e-06, 0.000576
2.718918e-06, 0.000133
2.718968e-06, -0.000918
2.719018e-06, -0.000088
2.719068e-06, 0.000424
2.719118e-06, -0.000102
2.719168e-06, 0.000437
2.719218e-06, 0.000963
2.719268e-06, 0.000313
2.719318e-06, 0.000341
2.719368e-06, 0.000949
2.719418e-06, 0.000742
2.719468e-06, 0.000617
2.719518e-06, 0.000755
2.719568e-06, 0.000285
2.719618e-06, 0.000589
2.719668e-06, 0.001972
2.719718e-06, 0.002290
2.719768e-06, 0.002110
2.719818e-06, 0.002954
2.719868e-06, 0.003300
2.719918e-06, 0.002774
2.719968e-06, 0.003051
2.720018e-06, 0.003286
2.720068e-06, 0.002470
2.720118e-06, 0.002622
2.720168e-06, 0.003853
2.720218e-06, 0.003687
2.720268e-06, 0.002622
2.720318e-06, 0.002567
2.720368e-06, 0.002857
2.720418e-06, 0.002691
2.720468e-06, 0.002705
2.720518e-06, 0.003106
2.720568e-06, 0.003258
2.720618e-06, 0.002774
2.720668e-06, 0.002318
2.720718e-06, 0.002511
2.720768e-06, 0.002581
2.720818e-06, 0.002027
2.720868e-06, 0.001820
2.720918e-06, 0.002069
2.720968e-06, 0.002124
2.721018e-06, 0.002470
2.721068e-06, 0.003203
2.721118e-06, 0.003562
2.721168e-06, 0.003355
2.721218e-06, 0.002691
2.721268e-06, 0.002083
2.721318e-06, 0.002138
2.721368e-06, 0.002110
2.721418e-06, 0.001848
2.721468e-06, 0.002511
2.721518e-06, 0.002926
2.721568e-06, 0.001986
2.721618e-06, 0.001889
2.721668e-06, 0.002857
2.721718e-06, 0.002511
2.721768e-06, 0.002276
2.721818e-06, 0.003784
2.721868e-06, 0.003963
2.721918e-06, 0.002235
2.721968e-06, 0.002276
2.722018e-06, 0.003742
2.722068e-06, 0.003839
2.722118e-06, 0.004171
2.722168e-06, 0.006328
2.722218e-06, 0.008029
2.722268e-06, 0.009232
2.722318e-06, 0.011928
2.722368e-06, 0.014763
2.722418e-06, 0.016892
2.722468e-06, 0.019837
2.722518e-06, 0.022160
2.722568e-06, 0.022672
2.722618e-06, 0.023667
2.722668e-06, 0.024732
2.722718e-06, 0.024013
2.722768e-06, 0.023405
2.722818e-06, 0.023405
2.722868e-06, 0.022824
2.722918e-06, 0.023557
2.722968e-06, 0.025327
2.723018e-06, 0.025285
2.723068e-06, 0.025271
2.723118e-06, 0.027138
2.723168e-06, 0.028009
2.723218e-06, 0.027843
2.723268e-06, 0.028701
2.723318e-06, 0.029143
2.723368e-06, 0.028673
2.723418e-06, 0.028355
2.723468e-06, 0.026613
2.723518e-06, 0.024345
2.723568e-06, 0.024926
2.723618e-06, 0.025672
2.723668e-06, 0.023889
2.723718e-06, 0.023363
2.723768e-06, 0.024262
2.723818e-06, 0.022948
2.723868e-06, 0.021911
2.723918e-06, 0.022921
2.723968e-06, 0.022036
2.724018e-06, 0.019851
2.724068e-06, 0.019450
2.724118e-06, 0.018593
2.724168e-06, 0.016463
2.724218e-06, 0.015689
2.724268e-06, 0.015246
2.724318e-06, 0.013670
2.724368e-06, 0.012522
2.724418e-06, 0.011845
2.724468e-06, 0.010932
2.724518e-06, 0.010324
2.724568e-06, 0.009190
2.724618e-06, 0.007406
2.724668e-06, 0.006549
2.724718e-06, 0.005885
2.724768e-06, 0.004295
2.724818e-06, 0.003203
2.724868e-06, 0.002567
2.724918e-06, 0.001391
2.724968e-06, 0.000617
2.725018e-06, -0.000143
2.725068e-06, -0.001664
2.725118e-06, -0.001913
2.725168e-06, -0.001208
2.725218e-06, -0.002218
2.725268e-06, -0.003255
2.725318e-06, -0.002480
2.725368e-06, -0.002840
2.725418e-06, -0.004513
2.725468e-06, -0.004665
2.725518e-06, -0.004513
2.725568e-06, -0.005287
2.725618e-06, -0.005052
2.725668e-06, -0.004637
2.725718e-06, -0.005522
2.725768e-06, -0.005398
2.725818e-06, -0.004499
2.725868e-06, -0.005757
2.725918e-06, -0.006960
2.725968e-06, -0.005356
2.726018e-06, -0.004402
2.726068e-06, -0.005923
2.726118e-06, -0.006241
2.726168e-06, -0.004762
2.726218e-06, -0.004803
2.726268e-06, -0.006075
2.726318e-06, -0.005854
2.726368e-06, -0.004955
2.726418e-06, -0.005066
2.726468e-06, -0.004997
2.726518e-06, -0.004458
2.726568e-06, -0.004900
2.726618e-06, -0.005439
2.726668e-06, -0.004942
2.726718e-06, -0.004444
2.726768e-06, -0.004001
2.726818e-06, -0.003434
2.726868e-06, -0.003642
2.726918e-06, -0.003780
2.726968e-06, -0.002895
2.727018e-06, -0.002549
2.727068e-06, -0.002563
2.727118e-06, -0.001125
2.727168e-06, -0.000019
2.727218e-06, -0.000627
2.727268e-06, -0.000143
2.727318e-06, 0.001488
2.727368e-06, 0.001281
2.727418e-06, 0.000659
2.727468e-06, 0.001378
2.727518e-06, 0.001170
2.727568e-06, 0.000631
2.727618e-06, 0.001848
2.727668e-06, 0.002249
2.727718e-06, 0.001281
2.727768e-06, 0.002069
2.727818e-06, 0.002995
2.727868e-06, 0.002083
2.727918e-06, 0.002373
2.727968e-06, 0.003949
2.728018e-06, 0.003825
2.728068e-06, 0.003300
2.728118e-06, 0.003742
2.728168e-06, 0.003424
2.728218e-06, 0.002954
2.728268e-06, 0.003714
2.728318e-06, 0.003922
2.728368e-06, 0.003078
2.728418e-06, 0.003175
2.728468e-06, 0.003908
2.728518e-06, 0.003714
2.728568e-06, 0.003023
2.728618e-06, 0.002525
2.728668e-06, 0.002332
2.728718e-06, 0.002802
2.728768e-06, 0.002926
2.728818e-06, 0.002055
2.728868e-06, 0.002097
2.728918e-06, 0.003452
2.728968e-06, 0.003341
2.729018e-06, 0.001709
2.729068e-06, 0.001557
2.729118e-06, 0.002788
2.729168e-06, 0.002719
2.729218e-06, 0.001806
2.729268e-06, 0.002263
2.729318e-06, 0.002926
2.729368e-06, 0.002055
2.729418e-06, 0.001461
2.729468e-06, 0.002055
2.729518e-06, 0.001696
2.729568e-06, 0.001073
2.729618e-06, 0.002304
2.729668e-06, 0.002885
2.729718e-06, 0.001239
2.729768e-06, 0.000742
2.729818e-06, 0.001447
2.729868e-06, 0.000742
2.729918e-06, 0.000368
2.729968e-06, 0.001267
2.730018e-06, 0.000686
2.730068e-06, -0.000282
2.730118e-06, 0.000742
2.730168e-06, 0.001004
2.730218e-06, -0.000420
2.730268e-06, -0.000296
2.730318e-06, 0.000202
2.730368e-06, -0.001416
2.730418e-06, -0.002024
2.730468e-06, -0.000033
2.730518e-06, 0.000548
2.730568e-06, -0.000752
2.730618e-06, -0.000614
2.730668e-06, 0.000216
2.730718e-06, -0.000351
2.730768e-06, -0.000655
2.730818e-06, -0.000171
2.730868e-06, -0.000779
2.730918e-06, -0.001498
2.730968e-06, -0.000890
2.731018e-06, -0.000835
2.731068e-06, -0.001388
2.731118e-06, -0.000572
2.731168e-06, -0.000130
2.731218e-06, -0.001208
2.731268e-06, -0.000586
2.731318e-06, 0.001143
2.731368e-06, 0.000327
2.731418e-06, -0.000600
2.731468e-06, 0.000797
2.731518e-06, 0.001115
2.731568e-06, 0.000078
2.731618e-06, 0.000562
2.731668e-06, 0.000949
2.731718e-06, 0.000437
2.731768e-06, 0.001322
2.731818e-06, 0.002027
2.731868e-06, 0.000977
2.731918e-06, 0.000977
2.731968e-06, 0.001875
2.732018e-06, 0.001226
2.732068e-06, 0.000603
2.732118e-06, 0.001087
2.732168e-06, 0.001004
2.732218e-06, 0.000894
2.732268e-06, 0.001613
2.732318e-06, 0.001848
2.732368e-06, 0.001447
2.732418e-06, 0.001198
2.732468e-06, 0.000866
2.732518e-06, 0.000935
2.732568e-06, 0.001626
2.732618e-06, 0.001488
2.732668e-06, 0.000437
2.732718e-06, 0.000036
2.732768e-06, 0.000133
2.732818e-06, -0.000240
2.732868e-06, -0.000213
2.732918e-06, 0.000617
2.732968e-06, 0.000479
2.733018e-06, -0.000351
2.733068e-06, 0.000617
2.733118e-06, 0.002290
2.733168e-06, 0.001599
2.733218e-06, 0.000009
2.733268e-06, 0.000244
2.733318e-06, 0.001087
2.733368e-06, 0.001018
2.733418e-06, 0.000728
2.733468e-06, 0.000714
2.733518e-06, 0.000921
2.733568e-06, 0.001198
2.733618e-06, 0.001198
2.733668e-06, 0.001060
2.733718e-06, 0.000714
2.733768e-06, 0.000105
2.733818e-06, 0.000271
2.733868e-06, 0.000589
2.733918e-06, -0.000157
2.733968e-06, -0.000005
2.734018e-06, 0.001405
2.734068e-06, 0.000589
2.734118e-06, -0.001180
2.734168e-06, 0.000036
2.734218e-06, 0.001544
2.734268e-06, 0.000659
2.734318e-06, 0.000202
2.734368e-06, 0.000410
2.734418e-06, -0.000047
2.734468e-06, 0.000437
2.734518e-06, 0.000880
2.734568e-06, -0.000503
2.734618e-06, -0.000766
2.734668e-06, 0.000617
2.734718e-06, 0.000617
2.734768e-06, -0.000130
2.734818e-06, -0.000088
2.734868e-06, -0.000019
2.734918e-06, -0.000033
2.734968e-06, -0.000378
2.735018e-06, -0.001001
2.735068e-06, -0.000337
2.735118e-06, 0.000479
2.735168e-06, -0.000365
2.735218e-06, -0.000766
2.735268e-06, -0.000102
2.735318e-06, -0.000254
2.735368e-06, -0.000116
2.735418e-06, 0.000825
2.735468e-06, 0.000562
2.735518e-06, 0.000036
2.735568e-06, 0.000451
2.735618e-06, 0.000341
2.735668e-06, -0.000019
2.735718e-06, 0.000147
2.735768e-06, -0.000074
2.735818e-06, 0.000078
2.735868e-06, 0.000880
2.735918e-06, 0.000700
2.735968e-06, 0.000534
2.736018e-06, 0.001170
2.736068e-06, 0.000589
2.736118e-06, 0.000064
2.736168e-06, 0.001391
2.736218e-06, 0.001544
2.736268e-06, 0.000562
2.736318e-06, 0.001709
2.736368e-06, 0.002332
2.736418e-06, 0.000451
2.736468e-06, 0.000659
2.736518e-06, 0.002719
2.736568e-06, 0.002346
2.736618e-06, 0.001613
2.736668e-06, 0.002760
2.736718e-06, 0.003009
2.736768e-06, 0.002608
2.736818e-06, 0.003631
2.736868e-06, 0.003963
2.736918e-06, 0.002940
2.736968e-06, 0.003355
2.737018e-06, 0.004461
2.737068e-06, 0.003894
2.737118e-06, 0.003590
2.737168e-06, 0.004890
2.737218e-06, 0.005249
2.737268e-06, 0.004198
2.737318e-06, 0.003977
2.737368e-06, 0.004904
2.737418e-06, 0.006093
2.737468e-06, 0.007047
2.737518e-06, 0.007752
2.737568e-06, 0.009660
2.737618e-06, 0.013062
2.737668e-06, 0.015606
2.737718e-06, 0.017666
2.737768e-06, 0.021773
2.737818e-06, 0.026626
2.737868e-06, 0.030401
2.737918e-06, 0.034245
2.737968e-06, 0.038463
2.738018e-06, 0.042431
2.738068e-06, 0.046524
2.738118e-06, 0.050327
2.738168e-06, 0.053244
2.738218e-06, 0.056051
2.738268e-06, 0.058817
2.738318e-06, 0.061209
2.738368e-06, 0.063864
2.738418e-06, 0.066339
2.738468e-06, 0.068261
2.738518e-06, 0.071137
2.738568e-06, 0.074386
2.738618e-06, 0.076018
2.738668e-06, 0.077414
2.738718e-06, 0.079544
2.738768e-06, 0.080678
2.738818e-06, 0.081798
2.738868e-06, 0.083872
2.738918e-06, 0.084397
2.738968e-06, 0.083609
2.739018e-06, 0.084245
2.739068e-06, 0.085227
2.739118e-06, 0.085020
2.739168e-06, 0.084992
2.739218e-06, 0.085144
2.739268e-06, 0.084632
2.739318e-06, 0.084702
2.739368e-06, 0.085393
2.739418e-06, 0.084923
2.739468e-06, 0.083706
2.739518e-06, 0.082959
2.739568e-06, 0.081646
2.739618e-06, 0.079668
2.739668e-06, 0.078507
2.739718e-06, 0.077567
2.739768e-06, 0.075783
2.739818e-06, 0.074110
2.739868e-06, 0.072492
2.739918e-06, 0.070542
2.739968e-06, 0.069588
2.740018e-06, 0.068703
2.740068e-06, 0.065772
2.740118e-06, 0.062882
2.740168e-06, 0.061624
2.740218e-06, 0.059384
2.740268e-06, 0.056189
2.740318e-06, 0.053977
2.740368e-06, 0.051046
2.740418e-06, 0.047174
2.740468e-06, 0.045169
2.740518e-06, 0.043883
2.740568e-06, 0.040827
2.740618e-06, 0.037522
2.740668e-06, 0.034743
2.740718e-06, 0.031189
2.740768e-06, 0.027774
2.740818e-06, 0.025396
2.740868e-06, 0.022782
2.740918e-06, 0.019602
2.740968e-06, 0.017016
2.741018e-06, 0.014915
2.741068e-06, 0.012094
2.741118e-06, 0.008914
2.741168e-06, 0.006508
2.741218e-06, 0.004171
2.741268e-06, 0.001184
2.741318e-06, -0.000821
2.741368e-06, -0.001941
2.741418e-06, -0.004305
2.741468e-06, -0.006587
2.741518e-06, -0.007500
2.741568e-06, -0.009477
2.741618e-06, -0.011993
2.741668e-06, -0.012381
2.741718e-06, -0.012851
2.741768e-06, -0.015257
2.741818e-06, -0.016695
2.741868e-06, -0.016985
2.741918e-06, -0.018423
2.741968e-06, -0.019253
2.742018e-06, -0.018824
2.742068e-06, -0.020235
2.742118e-06, -0.021866
2.742168e-06, -0.020456
2.742218e-06, -0.019543
2.742268e-06, -0.021382
2.742318e-06, -0.021825
2.742368e-06, -0.020898
2.742418e-06, -0.021935
2.742468e-06, -0.022613
2.742518e-06, -0.021313
2.742568e-06, -0.021147
2.742618e-06, -0.021949
2.742668e-06, -0.021714
2.742718e-06, -0.021756
2.742768e-06, -0.021742
2.742818e-06, -0.020511
2.742868e-06, -0.020345
2.742918e-06, -0.021493
2.742968e-06, -0.021009
2.743018e-06, -0.019557
2.743068e-06, -0.019377
2.743118e-06, -0.019336
2.743168e-06, -0.017995
2.743218e-06, -0.016487
2.743268e-06, -0.016031
2.743318e-06, -0.015782
2.743368e-06, -0.014593
2.743418e-06, -0.013349
2.743468e-06, -0.013058
2.743518e-06, -0.012574
2.743568e-06, -0.011440
2.743618e-06, -0.011026
2.743668e-06, -0.010721
2.743718e-06, -0.009283
2.743768e-06, -0.008246
2.743818e-06, -0.008232
2.743868e-06, -0.007099
2.743918e-06, -0.005177
2.743968e-06, -0.004831
2.744018e-06, -0.005011
2.744068e-06, -0.003739
2.744118e-06, -0.002370
2.744168e-06, -0.001886
2.744218e-06, -0.001208
2.744268e-06, -0.000586
2.744318e-06, -0.000503
2.744368e-06, 0.000175
2.744418e-06, 0.001156
2.744468e-06, 0.001253
2.744518e-06, 0.001626
2.744568e-06, 0.002760
2.744618e-06, 0.002843
2.744668e-06, 0.002594
2.744718e-06, 0.003949
2.744768e-06, 0.005332
2.744818e-06, 0.005000
2.744868e-06, 0.004295
2.744918e-06, 0.004710
2.744968e-06, 0.006065
2.745018e-06, 0.006895
2.745068e-06, 0.006300
2.745118e-06, 0.005540
2.745168e-06, 0.005941
2.745218e-06, 0.007171
2.745268e-06, 0.008195
2.745318e-06, 0.007932
2.745368e-06, 0.007088
2.745418e-06, 0.007849
2.745468e-06, 0.008803
2.745518e-06, 0.007849
2.745568e-06, 0.007863
2.745618e-06, 0.009757
2.745668e-06, 0.009646
2.745718e-06, 0.008443
2.745768e-06, 0.009425
2.745818e-06, 0.009798
2.745868e-06, 0.008374
2.745918e-06, 0.008637
2.745968e-06, 0.009328
2.746018e-06, 0.007683
2.746068e-06, 0.006853
2.746118e-06, 0.008319
2.746168e-06, 0.008499
2.746218e-06, 0.007047
2.746268e-06, 0.006964
2.746318e-06, 0.007738
2.746368e-06, 0.007185
2.746418e-06, 0.006273
2.746468e-06, 0.006300
2.746518e-06, 0.005968
2.746568e-06, 0.005166
2.746618e-06, 0.005332
2.746668e-06, 0.005719
2.746718e-06, 0.005056
2.746768e-06, 0.004157
2.746818e-06, 0.003701
2.746868e-06, 0.003908
2.746918e-06, 0.004572
2.746968e-06, 0.004074
2.747018e-06, 0.002760
2.747068e-06, 0.002760
2.747118e-06, 0.002829
2.747168e-06, 0.001751
2.747218e-06, 0.001972
2.747268e-06, 0.003106
2.747318e-06, 0.002415
2.747368e-06, 0.001682
2.747418e-06, 0.002235
2.747468e-06, 0.001640
2.747518e-06, 0.000728
2.747568e-06, 0.001308
2.747618e-06, 0.000977
2.747668e-06, -0.000296
2.747718e-06, 0.000382
2.747768e-06, 0.001018
2.747818e-06, -0.000378
2.747868e-06, -0.000683
2.747918e-06, 0.000520
2.747968e-06, 0.000230
2.748018e-06, -0.000544
2.748068e-06, -0.000019
2.748118e-06, 0.000050
2.748168e-06, -0.000959
2.748218e-06, -0.001291
2.748268e-06, -0.001111
2.748318e-06, -0.001277
2.748368e-06, -0.000973
2.748418e-06, -0.000544
2.748468e-06, -0.001374
2.748518e-06, -0.001913
2.748568e-06, -0.000959
2.748618e-06, -0.000779
2.748668e-06, -0.001416
2.748718e-06, -0.000531
2.748768e-06, 0.000133
2.748818e-06, -0.001070
2.748868e-06, -0.001498
2.748918e-06, -0.000697
2.748968e-06, -0.000793
2.749018e-06, -0.000945
2.749068e-06, -0.000558
2.749118e-06, -0.001028
2.749168e-06, -0.001595
2.749218e-06, -0.000959
2.749268e-06, -0.000614
2.749318e-06, -0.001180
2.749368e-06, -0.001291
2.749418e-06, -0.001001
2.749468e-06, -0.001139
2.749518e-06, -0.001443
2.749568e-06, -0.001443
2.749618e-06, -0.001194
2.749668e-06, -0.001084
2.749718e-06, -0.001167
2.749768e-06, -0.000862
2.749818e-06, -0.000489
2.749868e-06, -0.000614
2.749918e-06, -0.000738
2.749968e-06, -0.000586
2.750018e-06, -0.000683
2.750068e-06, -0.001015
2.750118e-06, -0.000918
2.750168e-06, -0.000199
2.750218e-06, 0.000424
2.750268e-06, 0.000064
2.750318e-06, -0.000738
2.750368e-06, -0.000766
2.750418e-06, -0.000268
2.750468e-06, -0.000019
2.750518e-06, 0.000119
2.750568e-06, 0.000216
2.750618e-06, -0.000074
2.750668e-06, -0.000406
2.750718e-06, 0.000175
2.750768e-06, 0.001281
2.750818e-06, 0.001267
2.750868e-06, 0.000506
2.750918e-06, 0.000921
2.750968e-06, 0.001516
2.751018e-06, 0.000659
2.751068e-06, 0.000161
2.751118e-06, 0.001184
2.751168e-06, 0.001709
2.751218e-06, 0.001101
2.751268e-06, 0.000935
2.751318e-06, 0.001682
2.751368e-06, 0.002221
2.751418e-06, 0.001626
2.751468e-06, 0.000921
2.751518e-06, 0.001792
2.751568e-06, 0.002733
2.751618e-06, 0.002055
2.751668e-06, 0.001834
2.751718e-06, 0.002456
2.751768e-06, 0.002000
2.751818e-06, 0.001834
2.751868e-06, 0.002567
2.751918e-06, 0.001765
2.751968e-06, 0.000921
2.752018e-06, 0.001958
2.752068e-06, 0.001945
2.752118e-06, 0.001212
2.752168e-06, 0.002428
2.752218e-06, 0.002982
2.752268e-06, 0.002027
2.752318e-06, 0.002650
2.752368e-06, 0.003341
2.752418e-06, 0.002373
2.752468e-06, 0.002428
2.752518e-06, 0.003106
2.752568e-06, 0.002484
2.752618e-06, 0.002539
2.752668e-06, 0.003355
2.752718e-06, 0.002442
2.752768e-06, 0.001308
2.752818e-06, 0.001820
2.752868e-06, 0.002110
2.752918e-06, 0.002014
2.752968e-06, 0.003106
2.753018e-06, 0.003894
2.753068e-06, 0.002954
2.753118e-06, 0.002263
2.753168e-06, 0.002456
2.753218e-06, 0.002069
2.753268e-06, 0.001945
2.753318e-06, 0.003037
2.753368e-06, 0.003673
2.753418e-06, 0.003963
2.753468e-06, 0.005706
2.753518e-06, 0.007738
2.753568e-06, 0.009342
2.753618e-06, 0.012550
2.753668e-06, 0.016297
2.753718e-06, 0.018081
2.753768e-06, 0.019685
2.753818e-06, 0.022133
2.753868e-06, 0.022852
2.753918e-06, 0.022616
2.753968e-06, 0.023709
2.754018e-06, 0.023861
2.754068e-06, 0.022105
2.754118e-06, 0.021980
2.754168e-06, 0.023792
2.754218e-06, 0.024870
2.754268e-06, 0.025479
2.754318e-06, 0.026364
2.754368e-06, 0.026654
2.754418e-06, 0.027014
2.754468e-06, 0.028189
2.754518e-06, 0.028784
2.754568e-06, 0.028438
2.754618e-06, 0.028134
2.754668e-06, 0.027525
2.754718e-06, 0.026765
2.754768e-06, 0.026765
2.754818e-06, 0.026032
2.754868e-06, 0.023958
2.754918e-06, 0.023349
2.754968e-06, 0.024124
2.755018e-06, 0.023266
2.755068e-06, 0.022174
2.755118e-06, 0.022935
2.755168e-06, 0.022976
2.755218e-06, 0.021579
2.755268e-06, 0.020916
2.755318e-06, 0.020141
2.755368e-06, 0.018565
2.755418e-06, 0.017943
2.755468e-06, 0.017556
2.755518e-06, 0.015841
2.755568e-06, 0.013850
2.755618e-06, 0.012315
2.755668e-06, 0.011306
2.755718e-06, 0.011154
2.755768e-06, 0.010435
2.755818e-06, 0.008748
2.755868e-06, 0.008001
2.755918e-06, 0.007558
2.755968e-06, 0.006134
2.756018e-06, 0.005291
2.756068e-06, 0.004890
2.756118e-06, 0.003521
2.756168e-06, 0.002594
2.756218e-06, 0.001903
2.756268e-06, -0.000005
2.756318e-06, -0.001028
2.756368e-06, -0.000503
2.756418e-06, -0.001015
2.756468e-06, -0.001734
2.756518e-06, -0.001180
2.756568e-06, -0.001443
2.756618e-06, -0.002840
2.756668e-06, -0.003614
2.756718e-06, -0.004057
2.756768e-06, -0.004375
2.756818e-06, -0.004527
2.756868e-06, -0.005508
2.756918e-06, -0.005979
2.756968e-06, -0.004637
2.757018e-06, -0.004278
2.757068e-06, -0.005190
2.757118e-06, -0.004499
2.757168e-06, -0.004167
2.757218e-06, -0.006089
2.757268e-06, -0.006421
2.757318e-06, -0.004817
2.757368e-06, -0.004942
2.757418e-06, -0.005619
2.757468e-06, -0.005204
2.757518e-06, -0.005619
2.757568e-06, -0.005854
2.757618e-06, -0.004610
2.757668e-06, -0.004375
2.757718e-06, -0.004776
2.757768e-06, -0.003987
2.757818e-06, -0.004084
2.757868e-06, -0.004831
2.757918e-06, -0.004057
2.757968e-06, -0.004167
2.758018e-06, -0.005412
2.758068e-06, -0.003987
2.758118e-06, -0.002107
2.758168e-06, -0.003434
2.758218e-06, -0.004195
2.758268e-06, -0.002287
2.758318e-06, -0.001277
2.758368e-06, -0.001250
2.758418e-06, -0.000434
2.758468e-06, -0.000240
2.758518e-06, -0.000558
2.758568e-06, 0.000105
2.758618e-06, 0.000479
2.758668e-06, 0.000216
2.758718e-06, 0.000852
2.758768e-06, 0.001668
2.758818e-06, 0.001613
2.758868e-06, 0.001488
2.758918e-06, 0.001502
2.758968e-06, 0.001834
2.759018e-06, 0.002899
2.759068e-06, 0.003148
2.759118e-06, 0.002276
2.759168e-06, 0.002912
2.759218e-06, 0.004337
2.759268e-06, 0.003549
2.759318e-06, 0.002677
2.759368e-06, 0.003963
2.759418e-06, 0.004157
2.759468e-06, 0.002760
2.759518e-06, 0.002995
2.759568e-06, 0.003728
2.759618e-06, 0.003300
2.759668e-06, 0.003867
2.759718e-06, 0.004793
2.759768e-06, 0.003880
2.759818e-06, 0.003148
2.759868e-06, 0.003784
2.759918e-06, 0.003631
2.759968e-06, 0.002968
2.760018e-06, 0.003203
2.760068e-06, 0.003189
2.760118e-06, 0.002525
2.760168e-06, 0.002525
2.760218e-06, 0.002829
2.760268e-06, 0.002539
2.760318e-06, 0.002498
2.760368e-06, 0.003051
2.760418e-06, 0.003051
2.760468e-06, 0.002332
2.760518e-06, 0.002027
2.760568e-06, 0.002152
2.760618e-06, 0.002110
2.760668e-06, 0.002290
2.760718e-06, 0.002511
2.760768e-06, 0.002097
2.760818e-06, 0.002069
2.760868e-06, 0.002608
2.760918e-06, 0.001917
2.760968e-06, 0.000672
2.761018e-06, 0.001308
2.761068e-06, 0.002567
2.761118e-06, 0.002027
2.761168e-06, 0.000852
2.761218e-06, 0.000769
2.761268e-06, 0.001405
2.761318e-06, 0.002263
2.761368e-06, 0.002608
2.761418e-06, 0.001599
2.761468e-06, 0.000175
2.761518e-06, -0.000323
2.761568e-06, -0.000005
2.761618e-06, 0.000562
2.761668e-06, 0.000755
2.761718e-06, 0.000424
2.761768e-06, 0.000396
2.761818e-06, 0.000548
2.761868e-06, 0.000119
2.761918e-06, -0.000033
2.761968e-06, 0.000465
2.762018e-06, 0.000437
2.762068e-06, 0.000036
2.762118e-06, 0.000133
2.762168e-06, 0.000064
2.762218e-06, -0.000323
2.762268e-06, -0.000226
2.762318e-06, -0.000226
2.762368e-06, -0.000544
2.762418e-06, -0.000323
2.762468e-06, 0.000064
2.762518e-06, -0.000047
2.762568e-06, -0.000088
2.762618e-06, -0.000005
2.762668e-06, 0.000175
2.762718e-06, 0.000838
2.762768e-06, 0.000990
2.762818e-06, 0.000202
2.762868e-06, 0.000023
2.762918e-06, 0.000631
2.762968e-06, 0.000700
2.763018e-06, 0.000216
2.763068e-06, 0.000036
2.763118e-06, 0.000437
2.763168e-06, 0.000977
2.763218e-06, 0.001308
2.763268e-06, 0.001779
2.763318e-06, 0.001931
2.763368e-06, 0.001267
2.763418e-06, 0.001101
2.763468e-06, 0.001682
2.763518e-06, 0.001502
2.763568e-06, 0.001115
2.763618e-06, 0.001419
2.763668e-06, 0.001156
2.763718e-06, 0.000520
2.763768e-06, 0.000617
2.763818e-06, 0.000534
2.763868e-06, 0.000133
2.763918e-06, 0.000424
2.763968e-06, 0.000838
2.764018e-06, 0.000811
2.764068e-06, 0.000188
2.764118e-06, -0.000821
2.764168e-06, -0.000406
2.764218e-06, 0.001295
2.764268e-06, 0.001322
2.764318e-06, 0.000175
2.764368e-06, 0.000576
2.764418e-06, 0.001281
2.764468e-06, 0.000686
2.764518e-06, 0.000479
2.764568e-06, 0.001129
2.764618e-06, 0.001239
2.764668e-06, 0.000755
2.764718e-06, 0.000230
2.764768e-06, -0.000157
2.764818e-06, 0.000050
2.764868e-06, 0.000299
2.764918e-06, -0.000282
2.764968e-06, -0.000448
2.765018e-06, 0.000603
2.765068e-06, 0.000742
2.765118e-06, -0.000378
2.765168e-06, -0.000005
2.765218e-06, 0.001447
2.765268e-06, 0.000825
2.765318e-06, -0.000918
2.765368e-06, -0.000793
2.765418e-06, 0.000230
2.765468e-06, -0.000102
2.765518e-06, -0.001084
2.765568e-06, -0.001084
2.765618e-06, -0.000420
2.765668e-06, -0.000282
2.765718e-06, -0.000544
2.765768e-06, -0.000213
2.765818e-06, 0.000327
2.765868e-06, -0.000060
2.765918e-06, -0.000614
2.765968e-06, -0.000171
2.766018e-06, 0.000119
2.766068e-06, -0.000641
2.766118e-06, -0.000849
2.766168e-06, -0.000088
2.766218e-06, -0.000019
2.766268e-06, -0.000600
2.766318e-06, -0.000627
2.766368e-06, -0.000337
2.766418e-06, -0.000102
2.766468e-06, -0.000240
2.766518e-06, -0.001139
2.766568e-06, -0.001346
2.766618e-06, -0.000060
2.766668e-06, 0.000341
2.766718e-06, -0.000669
2.766768e-06, -0.000489
2.766818e-06, 0.000506
2.766868e-06, 0.000175
2.766918e-06, -0.000365
2.766968e-06, -0.000296
2.767018e-06, -0.000655
2.767068e-06, -0.000544
2.767118e-06, 0.000424
2.767168e-06, 0.000258
2.767218e-06, -0.000448
2.767268e-06, 0.000202
2.767318e-06, 0.000838
2.767368e-06, 0.000506
2.767418e-06, 0.000534
2.767468e-06, 0.000686
2.767518e-06, 0.000534
2.767568e-06, 0.000907
2.767618e-06, 0.000990
2.767668e-06, 0.000506
2.767718e-06, 0.001281
2.767768e-06, 0.002359
2.767818e-06, 0.001613
2.767868e-06, 0.001032
2.767918e-06, 0.002152
2.767968e-06, 0.002940
2.768018e-06, 0.003023
2.768068e-06, 0.003728
2.768118e-06, 0.004019
2.768168e-06, 0.003327
2.768218e-06, 0.003369
2.768268e-06, 0.004198
2.768318e-06, 0.004447
2.768368e-06, 0.004599
2.768418e-06, 0.005139
2.768468e-06, 0.005208
2.768518e-06, 0.005623
2.768568e-06, 0.006978
2.768618e-06, 0.007268
2.768668e-06, 0.007047
2.768718e-06, 0.009135
2.768768e-06, 0.011596
2.768818e-06, 0.012149
2.768868e-06, 0.014126
2.768918e-06, 0.018275
2.768968e-06, 0.020777
2.769018e-06, 0.022769
2.769068e-06, 0.027373
2.769118e-06, 0.032047
2.769168e-06, 0.035075
2.769218e-06, 0.039016
2.769268e-06, 0.043482
2.769318e-06, 0.046358
2.769368e-06, 0.049027
2.769418e-06, 0.052553
2.769468e-06, 0.055830
2.769518e-06, 0.058568
2.769568e-06, 0.060683
2.769618e-06, 0.062467
2.769668e-06, 0.065454
2.769718e-06, 0.068855
2.769768e-06, 0.070307
2.769818e-06, 0.071123
2.769868e-06, 0.073294
2.769918e-06, 0.075409
2.769968e-06, 0.076737
2.770018e-06, 0.078382
2.770068e-06, 0.079668
2.770118e-06, 0.079793
2.770168e-06, 0.080263
2.770218e-06, 0.081535
2.770268e-06, 0.081991
2.770318e-06, 0.081535
2.770368e-06, 0.081549
2.770418e-06, 0.081839
2.770468e-06, 0.081618
2.770518e-06, 0.081452
2.770568e-06, 0.081659
2.770618e-06, 0.081632
2.770668e-06, 0.081106
2.770718e-06, 0.080346
2.770768e-06, 0.079793
2.770818e-06, 0.079074
2.770868e-06, 0.077332
2.770918e-06, 0.075520
2.770968e-06, 0.074497
2.771018e-06, 0.072838
2.771068e-06, 0.071095
2.771118e-06, 0.070763
2.771168e-06, 0.069505
2.771218e-06, 0.066712
2.771268e-06, 0.065329
2.771318e-06, 0.064195
2.771368e-06, 0.061140
2.771418e-06, 0.058803
2.771468e-06, 0.057544
2.771518e-06, 0.054724
2.771568e-06, 0.051516
2.771618e-06, 0.049262
2.771668e-06, 0.046579
2.771718e-06, 0.043828
2.771768e-06, 0.041325
2.771818e-06, 0.037605
2.771868e-06, 0.034135
2.771918e-06, 0.032282
2.771968e-06, 0.029751
2.772018e-06, 0.026447
2.772068e-06, 0.024179
2.772118e-06, 0.021621
2.772168e-06, 0.018109
2.772218e-06, 0.015219
2.772268e-06, 0.012605
2.772318e-06, 0.009798
2.772368e-06, 0.007545
2.772418e-06, 0.005457
2.772468e-06, 0.003631
2.772518e-06, 0.002083
2.772568e-06, -0.000544
2.772618e-06, -0.003130
2.772668e-06, -0.004001
2.772718e-06, -0.005688
2.772768e-06, -0.008564
2.772818e-06, -0.009352
2.772868e-06, -0.009698
2.772918e-06, -0.012464
2.772968e-06, -0.014717
2.773018e-06, -0.015201
2.773068e-06, -0.016557
2.773118e-06, -0.017815
2.773168e-06, -0.017787
2.773218e-06, -0.018866
2.773268e-06, -0.020525
2.773318e-06, -0.020221
2.773368e-06, -0.019944
2.773418e-06, -0.021064
2.773468e-06, -0.021106
2.773518e-06, -0.020566
2.773568e-06, -0.021756
2.773618e-06, -0.023028
2.773668e-06, -0.022972
2.773718e-06, -0.022779
2.773768e-06, -0.022613
2.773818e-06, -0.022502
2.773868e-06, -0.022710
2.773918e-06, -0.022309
2.773968e-06, -0.021742
2.774018e-06, -0.022060
2.774068e-06, -0.021908
2.774118e-06, -0.020940
2.774168e-06, -0.020691
2.774218e-06, -0.020525
2.774268e-06, -0.019626
2.774318e-06, -0.019087
2.774368e-06, -0.018727
2.774418e-06, -0.017760
2.774468e-06, -0.016999
2.774518e-06, -0.016404
2.774568e-06, -0.015132
2.774618e-06, -0.013929
2.774668e-06, -0.013750
2.774718e-06, -0.013611
2.774768e-06, -0.012339
2.774818e-06, -0.011288
2.774868e-06, -0.011316
2.774918e-06, -0.010583
2.774968e-06, -0.009311
2.775018e-06, -0.009311
2.775068e-06, -0.008855
2.775118e-06, -0.006960
2.775168e-06, -0.006559
2.775218e-06, -0.007209
2.775268e-06, -0.005730
2.775318e-06, -0.003739
2.775368e-06, -0.003683
2.775418e-06, -0.003503
2.775468e-06, -0.002052
2.775518e-06, -0.001291
2.775568e-06, -0.001305
2.775618e-06, -0.000724
2.775668e-06, -0.000005
2.775718e-06, 0.000424
2.775768e-06, 0.001239
2.775818e-06, 0.001806
2.775868e-06, 0.001917
2.775918e-06, 0.002954
2.775968e-06, 0.003963
2.776018e-06, 0.003341
2.776068e-06, 0.003369
2.776118e-06, 0.004848
2.776168e-06, 0.004834
2.776218e-06, 0.004143
2.776268e-06, 0.005318
2.776318e-06, 0.005830
2.776368e-06, 0.004779
2.776418e-06, 0.005775
2.776468e-06, 0.007379
2.776518e-06, 0.006632
2.776568e-06, 0.006784
2.776618e-06, 0.008347
2.776668e-06, 0.007434
2.776718e-06, 0.006494
2.776768e-06, 0.008042
2.776818e-06, 0.007904
2.776868e-06, 0.006729
2.776918e-06, 0.008208
2.776968e-06, 0.008526
2.777018e-06, 0.006563
2.777068e-06, 0.007310
2.777118e-06, 0.008457
2.777168e-06, 0.006591
2.777218e-06, 0.006217
2.777268e-06, 0.007641
2.777318e-06, 0.006729
2.777368e-06, 0.006176
2.777418e-06, 0.007572
2.777468e-06, 0.007323
2.777518e-06, 0.006701
2.777568e-06, 0.007282
2.777618e-06, 0.005885
2.777668e-06, 0.004323
2.777718e-06, 0.005968
2.777768e-06, 0.006286
2.777818e-06, 0.003880
2.777868e-06, 0.004129
2.777918e-06, 0.005844
2.777968e-06, 0.004890
2.778018e-06, 0.004046
2.778068e-06, 0.004724
2.778118e-06, 0.004599
2.778168e-06, 0.004323
2.778218e-06, 0.003949
2.778268e-06, 0.002359
2.778318e-06, 0.002083
2.778368e-06, 0.003120
2.778418e-06, 0.002055
2.778468e-06, 0.000742
2.778518e-06, 0.001640
2.778568e-06, 0.001862
2.778618e-06, 0.000852
2.778668e-06, 0.001143
2.778718e-06, 0.001571
2.778768e-06, 0.000783
2.778818e-06, 0.000216
2.778868e-06, -0.000033
2.778918e-06, -0.000240
2.778968e-06, -0.000019
2.779018e-06, -0.000517
2.779068e-06, -0.001512
2.779118e-06, -0.000904
2.779168e-06, -0.000047
2.779218e-06, -0.000849
2.779268e-06, -0.001498
2.779318e-06, -0.001581
2.779368e-06, -0.002245
2.779418e-06, -0.001982
2.779468e-06, -0.000876
2.779518e-06, -0.001526
2.779568e-06, -0.002397
2.779618e-06, -0.001028
2.779668e-06, -0.000185
2.779718e-06, -0.001471
2.779768e-06, -0.001899
2.779818e-06, -0.000945
2.779868e-06, -0.000793
2.779918e-06, -0.000987
2.779968e-06, -0.000572
2.780018e-06, -0.000683
2.780068e-06, -0.001098
2.780118e-06, -0.000697
2.780168e-06, -0.000710
2.780218e-06, -0.001899
2.780268e-06, -0.002121
2.780318e-06, -0.000987
2.780368e-06, -0.000710
2.780418e-06, -0.001457
2.780468e-06, -0.001706
2.780518e-06, -0.001913
2.780568e-06, -0.002383
2.780618e-06, -0.001899
2.780668e-06, -0.000973
2.780718e-06, -0.001236
2.780768e-06, -0.001623
2.780818e-06, -0.001028
2.780868e-06, -0.001084
2.780918e-06, -0.002079
2.780968e-06, -0.001817
2.781018e-06, -0.000641
2.781068e-06, -0.001125
2.781118e-06, -0.002466
2.781168e-06, -0.002038
2.781218e-06, -0.000973
2.781268e-06, -0.001429
2.781318e-06, -0.002176
2.781368e-06, -0.001858
2.781418e-06, -0.001498
2.781468e-06, -0.001568
2.781518e-06, -0.001637
2.781568e-06, -0.001734
2.781618e-06, -0.001595
2.781668e-06, -0.001263
2.781718e-06, -0.001277
2.781768e-06, -0.001346
2.781818e-06, -0.001084
2.781868e-06, -0.000738
2.781918e-06, -0.000060
2.781968e-06, 0.000769
2.782018e-06, 0.000907
2.782068e-06, 0.000990
2.782118e-06, 0.001391
2.782168e-06, 0.001060
2.782218e-06, 0.000576
2.782268e-06, 0.001170
2.782318e-06, 0.001557
2.782368e-06, 0.001115
2.782418e-06, 0.001198
2.782468e-06, 0.001433
2.782518e-06, 0.001004
2.782568e-06, 0.001046
2.782618e-06, 0.001640
2.782668e-06, 0.001502
2.782718e-06, 0.001087
2.782768e-06, 0.001391
2.782818e-06, 0.001958
2.782868e-06, 0.002083
2.782918e-06, 0.001792
2.782968e-06, 0.001682
2.783018e-06, 0.001792
2.783068e-06, 0.001723
2.783118e-06, 0.001889
2.783168e-06, 0.002124
2.783218e-06, 0.001488
2.783268e-06, 0.001212
2.783318e-06, 0.002124
2.783368e-06, 0.001862
2.783418e-06, 0.000493
2.783468e-06, 0.000852
2.783518e-06, 0.001875
2.783568e-06, 0.001502
2.783618e-06, 0.001101
2.783668e-06, 0.001308
2.783718e-06, 0.001433
2.783768e-06, 0.001862
2.783818e-06, 0.002110
2.783868e-06, 0.001931
2.783918e-06, 0.002525
2.783968e-06, 0.002885
2.784018e-06, 0.001903
2.784068e-06, 0.001516
2.784118e-06, 0.002124
2.784168e-06, 0.002346
2.784218e-06, 0.002539
2.784268e-06, 0.002470
2.784318e-06, 0.001544
2.784368e-06, 0.001723
2.784418e-06, 0.002926
2.784468e-06, 0.002733
2.784518e-06, 0.002650
2.784568e-06, 0.004337
2.784618e-06, 0.004987
2.784668e-06, 0.004862
2.784718e-06, 0.007144
2.784768e-06, 0.009660
2.784818e-06, 0.010656
2.784868e-06, 0.013297
2.784918e-06, 0.016892
2.784968e-06, 0.018565
2.785018e-06, 0.020625
2.785068e-06, 0.023460
2.785118e-06, 0.023902
2.785168e-06, 0.023695
2.785218e-06, 0.024442
2.785268e-06, 0.023128
2.785318e-06, 0.021303
2.785368e-06, 0.022520
2.785418e-06, 0.023349
2.785468e-06, 0.022160
2.785518e-06, 0.023322
2.785568e-06, 0.025811
2.785618e-06, 0.025589
2.785668e-06, 0.025354
2.785718e-06, 0.027027
2.785768e-06, 0.027373
2.785818e-06, 0.026779
2.785868e-06, 0.027470
2.785918e-06, 0.027014
2.785968e-06, 0.024912
2.786018e-06, 0.024400
2.786068e-06, 0.024857
2.786118e-06, 0.024207
2.786168e-06, 0.023515
2.786218e-06, 0.022769
2.786268e-06, 0.021441
2.786318e-06, 0.021261
2.786368e-06, 0.021441
2.786418e-06, 0.020100
2.786468e-06, 0.019464
2.786518e-06, 0.019823
2.786568e-06, 0.018468
2.786618e-06, 0.016906
2.786668e-06, 0.016449
2.786718e-06, 0.014597
2.786768e-06, 0.012951
2.786818e-06, 0.013753
2.786868e-06, 0.013214
2.786918e-06, 0.010587
2.786968e-06, 0.009591
2.787018e-06, 0.009453
2.787068e-06, 0.008236
2.787118e-06, 0.007213
2.787168e-06, 0.006369
2.787218e-06, 0.005305
2.787268e-06, 0.004682
2.787318e-06, 0.003797
2.787368e-06, 0.002608
2.787418e-06, 0.001875
2.787468e-06, 0.000589
2.787518e-06, -0.001070
2.787568e-06, -0.001540
2.787618e-06, -0.001512
2.787668e-06, -0.001844
2.787718e-06, -0.002121
2.787768e-06, -0.002660
2.787818e-06, -0.003503
2.787868e-06, -0.004015
2.787918e-06, -0.004222
2.787968e-06, -0.004112
2.788018e-06, -0.003849
2.788068e-06, -0.004305
2.788118e-06, -0.004803
2.788168e-06, -0.004706
2.788218e-06, -0.005329
2.788268e-06, -0.006283
2.788318e-06, -0.005730
2.788368e-06, -0.004762
2.788418e-06, -0.004748
2.788468e-06, -0.004776
2.788518e-06, -0.005218
2.788568e-06, -0.006241
2.788618e-06, -0.005716
2.788668e-06, -0.004195
2.788718e-06, -0.004499
2.788768e-06, -0.005661
2.788818e-06, -0.005467
2.788868e-06, -0.004942
2.788918e-06, -0.004928
2.788968e-06, -0.004568
2.789018e-06, -0.004485
2.789068e-06, -0.005149
2.789118e-06, -0.005246
2.789168e-06, -0.004541
2.789218e-06, -0.004250
2.789268e-06, -0.004513
2.789318e-06, -0.004471
2.789368e-06, -0.003821
2.789418e-06, -0.003089
2.789468e-06, -0.002826
2.789518e-06, -0.002798
2.789568e-06, -0.002591
2.789618e-06, -0.002259
2.789668e-06, -0.001664
2.789718e-06, -0.000807
2.789768e-06, -0.000655
2.789818e-06, -0.000987
2.789868e-06, -0.000282
2.789918e-06, 0.000548
2.789968e-06, -0.000074
2.790018e-06, -0.000448
2.790068e-06, 0.000769
2.790118e-06, 0.001668
2.790168e-06, 0.001447
2.790218e-06, 0.001557
2.790268e-06, 0.001917
2.790318e-06, 0.002235
2.790368e-06, 0.003065
2.790418e-06, 0.003410
2.790468e-06, 0.003189
2.790518e-06, 0.003908
2.790568e-06, 0.004268
2.790618e-06, 0.003355
2.790668e-06, 0.003618
2.790718e-06, 0.004516
2.790768e-06, 0.003369
2.790818e-06, 0.002373
2.790868e-06, 0.003327
2.790918e-06, 0.003355
2.790968e-06, 0.002539
2.791018e-06, 0.003383
2.791068e-06, 0.004005
2.791118e-06, 0.002760
2.791168e-06, 0.002055
2.791218e-06, 0.002747
2.791268e-06, 0.003272
2.791318e-06, 0.003161
2.791368e-06, 0.002829
2.791418e-06, 0.002373
2.791468e-06, 0.001820
2.791518e-06, 0.001378
2.791568e-06, 0.001143
2.791618e-06, 0.000990
2.791668e-06, 0.001073
2.791718e-06, 0.001585
2.791768e-06, 0.001682
2.791818e-06, 0.001115
2.791868e-06, 0.001336
2.791918e-06, 0.001848
2.791968e-06, 0.001073
2.792018e-06, 0.000838
2.792068e-06, 0.001792
2.792118e-06, 0.000963
2.792168e-06, -0.000503
2.792218e-06, 0.000769
2.792268e-06, 0.002055
2.792318e-06, 0.001101
2.792368e-06, 0.001101
2.792418e-06, 0.001792
2.792468e-06, 0.000382
2.792518e-06, -0.000461
2.792568e-06, 0.000990
2.792618e-06, 0.001267
2.792668e-06, 0.000105
2.792718e-06, 0.000050
2.792768e-06, 0.000479
2.792818e-06, 0.000479
2.792868e-06, 0.000506
2.792918e-06, 0.000479
2.792968e-06, 0.000755
2.793018e-06, 0.001018
2.793068e-06, 0.000161
2.793118e-06, -0.000088
2.793168e-06, 0.001060
2.793218e-06, 0.000755
2.793268e-06, -0.000199
2.793318e-06, 0.000769
2.793368e-06, 0.000935
2.793418e-06, -0.000572
2.793468e-06, -0.000033
2.793518e-06, 0.001101
2.793568e-06, -0.000019
2.793618e-06, -0.000351
2.793668e-06, 0.000562
2.793718e-06, -0.000406
2.793768e-06, -0.000807
2.793818e-06, 0.001226
2.793868e-06, 0.001336
2.793918e-06, -0.000489
2.793968e-06, 0.000230
2.794018e-06, 0.001751
2.794068e-06, 0.000949
2.794118e-06, 0.000479
2.794168e-06, 0.001281
2.794218e-06, 0.000866
2.794268e-06, 0.000520
2.794318e-06, 0.001571
2.794368e-06, 0.001336
2.794418e-06, 0.000313
2.794468e-06, 0.001295
2.794518e-06, 0.002124
2.794568e-06, 0.001295
2.794618e-06, 0.001226
2.794668e-06, 0.001405
2.794718e-06, 0.000825
2.794768e-06, 0.001862
2.794818e-06, 0.003203
2.794868e-06, 0.002000
2.794918e-06, 0.000825
2.794968e-06, 0.001378
2.795018e-06, 0.001419
2.795068e-06, 0.001087
2.795118e-06, 0.001212
2.795168e-06, 0.000576
2.795218e-06, 0.000023
2.795268e-06, 0.000631
2.795318e-06, 0.000838
2.795368e-06, 0.000105
2.795418e-06, -0.000226
2.795468e-06, 0.000299
2.795518e-06, 0.001018
2.795568e-06, 0.000811
2.795618e-06, -0.000171
2.795668e-06, 0.000175
2.795718e-06, 0.001419
2.795768e-06, 0.000977
2.795818e-06, -0.000143
2.795868e-06, 0.000341
2.795918e-06, 0.000963
2.795968e-06, 0.000451
2.796018e-06, 0.000520
2.796068e-06, 0.001115
2.796118e-06, 0.000645
2.796168e-06, 0.000354
2.796218e-06, 0.001378
2.796268e-06, 0.001405
2.796318e-06, -0.000074
2.796368e-06, -0.000461
2.796418e-06, 0.000147
2.796468e-06, 0.000119
2.796518e-06, 0.000410
2.796568e-06, 0.000769
2.796618e-06, -0.000199
2.796668e-06, -0.000240
2.796718e-06, 0.001350
2.796768e-06, 0.000990
2.796818e-06, -0.000378
2.796868e-06, 0.000354
2.796918e-06, 0.000465
2.796968e-06, -0.000932
2.797018e-06, -0.000088
2.797068e-06, 0.001184
2.797118e-06, -0.000268
2.797168e-06, -0.000945
2.797218e-06, 0.000354
2.797268e-06, 0.000382
2.797318e-06, 0.000009
2.797368e-06, 0.000686
2.797418e-06, 0.000479
2.797468e-06, -0.000088
2.797518e-06, 0.000479
2.797568e-06, 0.000645
2.797618e-06, 0.000341
2.797668e-06, 0.000451
2.797718e-06, -0.000074
2.797768e-06, -0.000448
2.797818e-06, 0.000354
2.797868e-06, 0.000341
2.797918e-06, -0.000199
2.797968e-06, 0.000576
2.798018e-06, 0.000728
2.798068e-06, -0.000392
2.798118e-06, 0.000105
2.798168e-06, 0.001502
2.798218e-06, 0.001143
2.798268e-06, 0.000230
2.798318e-06, 0.000147
2.798368e-06, 0.000299
2.798418e-06, 0.000576
2.798468e-06, 0.000534
2.798518e-06, -0.000199
2.798568e-06, -0.000185
2.798618e-06, 0.000465
2.798668e-06, 0.000105
2.798718e-06, -0.000268
2.798768e-06, 0.000493
2.798818e-06, 0.000894
2.798868e-06, 0.000838
2.798918e-06, 0.001516
2.798968e-06, 0.001820
2.799018e-06, 0.001433
2.799068e-06, 0.002110
2.799118e-06, 0.002774
2.799168e-06, 0.002110
2.799218e-06, 0.002346
2.799268e-06, 0.003645
2.799318e-06, 0.003770
2.799368e-06, 0.003618
2.799418e-06, 0.004060
2.799468e-06, 0.003867
2.799518e-06, 0.003853
2.799568e-06, 0.004613
2.799618e-06, 0.004337
2.799668e-06, 0.003784
2.799718e-06, 0.004724
2.799768e-06, 0.005609
2.799818e-06, 0.005636
2.799868e-06, 0.006079
2.799918e-06, 0.006812
2.799968e-06, 0.007959
2.800018e-06, 0.010020
2.800068e-06, 0.011679
2.800118e-06, 0.013255
2.800168e-06, 0.016284
2.800218e-06, 0.019533
2.800268e-06, 0.022229
2.800318e-06, 0.025645
2.800368e-06, 0.029074
2.800418e-06, 0.032434
2.800468e-06, 0.037149
2.800518e-06, 0.041145
2.800568e-06, 0.043524
2.800618e-06, 0.047395
2.800668e-06, 0.051682
2.800718e-06, 0.053410
2.800768e-06, 0.055346
2.800818e-06, 0.059425
2.800868e-06, 0.062605
2.800918e-06, 0.064417
2.800968e-06, 0.066989
2.801018e-06, 0.070058
2.801068e-06, 0.072644
2.801118e-06, 0.074649
2.801168e-06, 0.075990
2.801218e-06, 0.077345
2.801268e-06, 0.079323
2.801318e-06, 0.081162
2.801368e-06, 0.082019
2.801418e-06, 0.082226
2.801468e-06, 0.083001
2.801518e-06, 0.084273
2.801568e-06, 0.084591
2.801618e-06, 0.084812
2.801668e-06, 0.086541
2.801718e-06, 0.087564
2.801768e-06, 0.086416
2.801818e-06, 0.085932
2.801868e-06, 0.086195
2.801918e-06, 0.084411
2.801968e-06, 0.082475
2.802018e-06, 0.082779
2.802068e-06, 0.082544
2.802118e-06, 0.080650
2.802168e-06, 0.079530
2.802218e-06, 0.078562
2.802268e-06, 0.076460
2.802318e-06, 0.074926
2.802368e-06, 0.073778
2.802418e-06, 0.071206
2.802468e-06, 0.068676
2.802518e-06, 0.067293
2.802568e-06, 0.065357
2.802618e-06, 0.062799
2.802668e-06, 0.060808
2.802718e-06, 0.058651
2.802768e-06, 0.055899
2.802818e-06, 0.053189
2.802868e-06, 0.049926
2.802918e-06, 0.046095
2.802968e-06, 0.042915
2.803018e-06, 0.040343
2.803068e-06, 0.037744
2.803118e-06, 0.034812
2.803168e-06, 0.031037
2.803218e-06, 0.027539
2.803268e-06, 0.025811
2.803318e-06, 0.023972
2.803368e-06, 0.020570
2.803418e-06, 0.017625
2.803468e-06, 0.015537
2.803518e-06, 0.012481
2.803568e-06, 0.009190
2.803618e-06, 0.007033
2.803668e-06, 0.004613
2.803718e-06, 0.001308
2.803768e-06, -0.001001
2.803818e-06, -0.002218
2.803868e-06, -0.004181
2.803918e-06, -0.006366
2.803968e-06, -0.007527
2.804018e-06, -0.009062
2.804068e-06, -0.011427
2.804118e-06, -0.012643
2.804168e-06, -0.013169
2.804218e-06, -0.014496
2.804268e-06, -0.015547
2.804318e-06, -0.016280
2.804368e-06, -0.018105
2.804418e-06, -0.019668
2.804468e-06, -0.019737
2.804518e-06, -0.019820
2.804568e-06, -0.020304
2.804618e-06, -0.020594
2.804668e-06, -0.021327
2.804718e-06, -0.022212
2.804768e-06, -0.022198
2.804818e-06, -0.022184
2.804868e-06, -0.022779
2.804918e-06, -0.022862
2.804968e-06, -0.022281
2.805018e-06, -0.021935
2.805068e-06, -0.021977
2.805118e-06, -0.021769
2.805168e-06, -0.021147
2.805218e-06, -0.021106
2.805268e-06, -0.021797
2.805318e-06, -0.021493
2.805368e-06, -0.020152
2.805418e-06, -0.019737
2.805468e-06, -0.019695
2.805518e-06, -0.019087
2.805568e-06, -0.018990
2.805618e-06, -0.018396
2.805668e-06, -0.016280
2.805718e-06, -0.015409
2.805768e-06, -0.015768
2.805818e-06, -0.014220
2.805868e-06, -0.012657
2.805918e-06, -0.013418
2.805968e-06, -0.013169
2.806018e-06, -0.011095
2.806068e-06, -0.010597
2.806118e-06, -0.010680
2.806168e-06, -0.008993
2.806218e-06, -0.007666
2.806268e-06, -0.007790
2.806318e-06, -0.006988
2.806368e-06, -0.005121
2.806418e-06, -0.004250
2.806468e-06, -0.004195
2.806518e-06, -0.003586
2.806568e-06, -0.002798
2.806618e-06, -0.002245
2.806668e-06, -0.000918
2.806718e-06, 0.000645
2.806768e-06, 0.000617
2.806818e-06, 0.000479
2.806868e-06, 0.001945
2.806918e-06, 0.002650
2.806968e-06, 0.002014
2.807018e-06, 0.002857
2.807068e-06, 0.004032
2.807118e-06, 0.003383
2.807168e-06, 0.003203
2.807218e-06, 0.004143
2.807268e-06, 0.004295
2.807318e-06, 0.004738
2.807368e-06, 0.005844
2.807418e-06, 0.005429
2.807468e-06, 0.004917
2.807518e-06, 0.006466
2.807568e-06, 0.007185
2.807618e-06, 0.005899
2.807668e-06, 0.006273
2.807718e-06, 0.008125
2.807768e-06, 0.007849
2.807818e-06, 0.006826
2.807868e-06, 0.007794
2.807918e-06, 0.008582
2.807968e-06, 0.008084
2.808018e-06, 0.008596
2.808068e-06, 0.009301
2.808118e-06, 0.008540
2.808168e-06, 0.008665
2.808218e-06, 0.009619
2.808268e-06, 0.008540
2.808318e-06, 0.007227
2.808368e-06, 0.008042
2.808418e-06, 0.008568
2.808468e-06, 0.007863
2.808518e-06, 0.007738
2.808568e-06, 0.007904
2.808618e-06, 0.007904
2.808668e-06, 0.008208
2.808718e-06, 0.007863
2.808768e-06, 0.007296
2.808818e-06, 0.007904
2.808868e-06, 0.007849
2.808918e-06, 0.006355
2.808968e-06, 0.006079
2.809018e-06, 0.006535
2.809068e-06, 0.005581
2.809118e-06, 0.004959
2.809168e-06, 0.005263
2.809218e-06, 0.004544
2.809268e-06, 0.003922
2.809318e-06, 0.004088
2.809368e-06, 0.002829
2.809418e-06, 0.001502
2.809468e-06, 0.002332
2.809518e-06, 0.002664
2.809568e-06, 0.001682
2.809618e-06, 0.002097
2.809668e-06, 0.002774
2.809718e-06, 0.001751
2.809768e-06, 0.000949
2.809818e-06, 0.000880
2.809868e-06, 0.000105
2.809918e-06, -0.000282
2.809968e-06, 0.000672
2.810018e-06, 0.001530
2.810068e-06, 0.001419
2.810118e-06, 0.000949
2.810168e-06, 0.000769
2.810218e-06, 0.000825
2.810268e-06, 0.000437
2.810318e-06, -0.000365
2.810368e-06, -0.000835
2.810418e-06, -0.001139
2.810468e-06, -0.001402
2.810518e-06, -0.001416
2.810568e-06, -0.001996
2.810618e-06, -0.002729
2.810668e-06, -0.002176
2.810718e-06, -0.001595
2.810768e-06, -0.002176
2.810818e-06, -0.002121
2.810868e-06, -0.001664
2.810918e-06, -0.002480
2.810968e-06, -0.002757
2.811018e-06, -0.001734
2.811068e-06, -0.001872
2.811118e-06, -0.002439
2.811168e-06, -0.001761
2.811218e-06, -0.001899
2.811268e-06, -0.003102
2.811318e-06, -0.002784
2.811368e-06, -0.001872
2.811418e-06, -0.002024
2.811468e-06, -0.001761
2.811518e-06, -0.001388
2.811568e-06, -0.002314
2.811618e-06, -0.002439
2.811668e-06, -0.001111
2.811718e-06, -0.001001
2.811768e-06, -0.001540
2.811818e-06, -0.000586
2.811868e-06, 0.000202
2.811918e-06, -0.000503
2.811968e-06, -0.001001
2.812018e-06, -0.000600
2.812068e-06, -0.000185
2.812118e-06, -0.000171
2.812168e-06, -0.000586
2.812218e-06, -0.000849
2.812268e-06, -0.000738
2.812318e-06, -0.000835
2.812368e-06, -0.000890
2.812418e-06, -0.000586
2.812468e-06, -0.000766
2.812518e-06, -0.000932
2.812568e-06, 0.000105
2.812618e-06, 0.000755
2.812668e-06, -0.000199
2.812718e-06, -0.000945
2.812768e-06, -0.000669
2.812818e-06, -0.000531
2.812868e-06, -0.000392
2.812918e-06, 0.000078
2.812968e-06, 0.000299
2.813018e-06, 0.000589
2.813068e-06, 0.001101
2.813118e-06, 0.000880
2.813168e-06, 0.000603
2.813218e-06, 0.001226
2.813268e-06, 0.001212
2.813318e-06, 0.000396
2.813368e-06, 0.000811
2.813418e-06, 0.001474
2.813468e-06, 0.000852
2.813518e-06, 0.000880
2.813568e-06, 0.001723
2.813618e-06, 0.001322
2.813668e-06, 0.001032
2.813718e-06, 0.001862
2.813768e-06, 0.001364
2.813818e-06, 0.000354
2.813868e-06, 0.001640
2.813918e-06, 0.002705
2.813968e-06, 0.001378
2.814018e-06, 0.000963
2.814068e-06, 0.002083
2.814118e-06, 0.001723
2.814168e-06, 0.001060
2.814218e-06, 0.002055
2.814268e-06, 0.002677
2.814318e-06, 0.002415
2.814368e-06, 0.002470
2.814418e-06, 0.001931
2.814468e-06, 0.001378
2.814518e-06, 0.002235
2.814568e-06, 0.002567
2.814618e-06, 0.001806
2.814668e-06, 0.001806
2.814718e-06, 0.001945
2.814768e-06, 0.001931
2.814818e-06, 0.002760
2.814868e-06, 0.002442
2.814918e-06, 0.000742
2.814968e-06, 0.001170
2.815018e-06, 0.002650
2.815068e-06, 0.002027
2.815118e-06, 0.001060
2.815168e-06, 0.001364
2.815218e-06, 0.001737
2.815268e-06, 0.002511
2.815318e-06, 0.003493
2.815368e-06, 0.002899
2.815418e-06, 0.001668
2.815468e-06, 0.002152
2.815518e-06, 0.003396
2.815568e-06, 0.002982
2.815618e-06, 0.001474
2.815668e-06, 0.001654
2.815718e-06, 0.002912
2.815768e-06, 0.002456
2.815818e-06, 0.001889
2.815868e-06, 0.003687
2.815918e-06, 0.005332
2.815968e-06, 0.005913
2.816018e-06, 0.008042
2.816068e-06, 0.010628
2.816118e-06, 0.012301
2.816168e-06, 0.015357
2.816218e-06, 0.018731
2.816268e-06, 0.019810
2.816318e-06, 0.020971
2.816368e-06, 0.023073
2.816418e-06, 0.023363
2.816468e-06, 0.022782
2.816518e-06, 0.023280
2.816568e-06, 0.023446
2.816618e-06, 0.022948
2.816668e-06, 0.022948
2.816718e-06, 0.023391
2.816768e-06, 0.023958
2.816818e-06, 0.024511
2.816868e-06, 0.025022
2.816918e-06, 0.026018
2.816968e-06, 0.026889
2.817018e-06, 0.026944
2.817068e-06, 0.027235
2.817118e-06, 0.027581
2.817168e-06, 0.026944
2.817218e-06, 0.026295
2.817268e-06, 0.025659
2.817318e-06, 0.023930
2.817368e-06, 0.022935
2.817418e-06, 0.023474
2.817468e-06, 0.022755
2.817518e-06, 0.021234
2.817568e-06, 0.021635
2.817618e-06, 0.022188
2.817668e-06, 0.021095
2.817718e-06, 0.020307
2.817768e-06, 0.019879
2.817818e-06, 0.018620
2.817868e-06, 0.017694
2.817918e-06, 0.017099
2.817968e-06, 0.015689
2.818018e-06, 0.014707
2.818068e-06, 0.014126
2.818118e-06, 0.012149
2.818168e-06, 0.010421
2.818218e-06, 0.010642
2.818268e-06, 0.010504
2.818318e-06, 0.008969
2.818368e-06, 0.007545
2.818418e-06, 0.006591
2.818468e-06, 0.006411
2.818518e-06, 0.006466
2.818568e-06, 0.004765
2.818618e-06, 0.002733
2.818668e-06, 0.002608
2.818718e-06, 0.002152
2.818768e-06, 0.000589
2.818818e-06, -0.000047
2.818868e-06, -0.000932
2.818918e-06, -0.002563
2.818968e-06, -0.002646
2.819018e-06, -0.002453
2.819068e-06, -0.003393
2.819118e-06, -0.003144
2.819168e-06, -0.002508
2.819218e-06, -0.003614
2.819268e-06, -0.003987
2.819318e-06, -0.003102
2.819368e-06, -0.003586
2.819418e-06, -0.004209
2.819468e-06, -0.003642
2.819518e-06, -0.004140
2.819568e-06, -0.005329
2.819618e-06, -0.005232
2.819668e-06, -0.004900
2.819718e-06, -0.004789
2.819768e-06, -0.004084
2.819818e-06, -0.003987
2.819868e-06, -0.004554
2.819918e-06, -0.004250
2.819968e-06, -0.004084
2.820018e-06, -0.004969
2.820068e-06, -0.005204
2.820118e-06, -0.004541
2.820168e-06, -0.004167
2.820218e-06, -0.004001
2.820268e-06, -0.004070
2.820318e-06, -0.004568
2.820368e-06, -0.004610
2.820418e-06, -0.004209
2.820468e-06, -0.003974
2.820518e-06, -0.003462
2.820568e-06, -0.002784
2.820618e-06, -0.002591
2.820668e-06, -0.002052
2.820718e-06, -0.000973
2.820768e-06, -0.001125
2.820818e-06, -0.002093
2.820868e-06, -0.001416
2.820918e-06, 0.000175
2.820968e-06, 0.000354
2.821018e-06, -0.000143
2.821068e-06, 0.000119
2.821118e-06, 0.000534
2.821168e-06, 0.000686
2.821218e-06, 0.001239
2.821268e-06, 0.002027
2.821318e-06, 0.002401
2.821368e-06, 0.002511
2.821418e-06, 0.003065
2.821468e-06, 0.003825
2.821518e-06, 0.004019
2.821568e-06, 0.003770
2.821618e-06, 0.003701
2.821668e-06, 0.003853
2.821718e-06, 0.004392
2.821768e-06, 0.004931
2.821818e-06, 0.004433
2.821868e-06, 0.003452
2.821918e-06, 0.003631
2.821968e-06, 0.004489
2.822018e-06, 0.004613
2.822068e-06, 0.004171
2.822118e-06, 0.004240
2.822168e-06, 0.004890
2.822218e-06, 0.004751
2.822268e-06, 0.003466
2.822318e-06, 0.003313
2.822368e-06, 0.004240
2.822418e-06, 0.003383
2.822468e-06, 0.002553
2.822518e-06, 0.004143
2.822568e-06, 0.004074
2.822618e-06, 0.001585
2.822668e-06, 0.001848
2.822718e-06, 0.003673
2.822768e-06, 0.002760
2.822818e-06, 0.001723
2.822868e-06, 0.002581
2.822918e-06, 0.002816
2.822968e-06, 0.002511
2.823018e-06, 0.002553
2.823068e-06, 0.002124
2.823118e-06, 0.002055
2.823168e-06, 0.002747
2.823218e-06, 0.002733
2.823268e-06, 0.002442
2.823318e-06, 0.002650
2.823368e-06, 0.002249
2.823418e-06, 0.001668
2.823468e-06, 0.002055
2.823518e-06, 0.002055
2.823568e-06, 0.001156
2.823618e-06, 0.001198
2.823668e-06, 0.002055
2.823718e-06, 0.001958
2.823768e-06, 0.001765
2.823818e-06, 0.002249
2.823868e-06, 0.001820
2.823918e-06, 0.001073
2.823968e-06, 0.002055
2.824018e-06, 0.002912
2.824068e-06, 0.001848
2.824118e-06, 0.001295
2.824168e-06, 0.001862
2.824218e-06, 0.001281
2.824268e-06, 0.000783
2.824318e-06, 0.001585
2.824368e-06, 0.001364
2.824418e-06, 0.000506
2.824468e-06, 0.000990
2.824518e-06, 0.001004
2.824568e-06, 0.000244
2.824618e-06, 0.000894
2.824668e-06, 0.001267
2.824718e-06, -0.000074
2.824768e-06, -0.000185
2.824818e-06, 0.001046
2.824868e-06, 0.000728
2.824918e-06, 0.000313
2.824968e-06, 0.001322
2.825018e-06, 0.001544
2.825068e-06, 0.001143
2.825118e-06, 0.001474
2.825168e-06, 0.000769
2.825218e-06, -0.000434
2.825268e-06, 0.000410
2.825318e-06, 0.000977
2.825368e-06, -0.000309
2.825418e-06, -0.000157
2.825468e-06, 0.001129
2.825518e-06, 0.000672
2.825568e-06, 0.000188
2.825618e-06, 0.001018
2.825668e-06, 0.001281
2.825718e-06, 0.001156
2.825768e-06, 0.001447
2.825818e-06, 0.001447
2.825868e-06, 0.001654
2.825918e-06, 0.002304
2.825968e-06, 0.002290
2.826018e-06, 0.002014
2.826068e-06, 0.002124
2.826118e-06, 0.001945
2.826168e-06, 0.001723
2.826218e-06, 0.001875
2.826268e-06, 0.001709
2.826318e-06, 0.001419
2.826368e-06, 0.001613
2.826418e-06, 0.001723
2.826468e-06, 0.001488
2.826518e-06, 0.001184
2.826568e-06, 0.000935
2.826618e-06, 0.001281
2.826668e-06, 0.001779
2.826718e-06, 0.001322
2.826768e-06, 0.000921
2.826818e-06, 0.001433
2.826868e-06, 0.001308
2.826918e-06, 0.000465
2.826968e-06, 0.000742
2.827018e-06, 0.001488
2.827068e-06, 0.001502
2.827118e-06, 0.001308
2.827168e-06, 0.000742
2.827218e-06, -0.000047
2.827268e-06, 0.000548
2.827318e-06, 0.001654
2.827368e-06, 0.001087
2.827418e-06, 0.000230
2.827468e-06, 0.000396
2.827518e-06, 0.000092
2.827568e-06, -0.000365
2.827618e-06, 0.000327
2.827668e-06, 0.000714
2.827718e-06, 0.000424
2.827768e-06, 0.000659
2.827818e-06, 0.000576
2.827868e-06, 0.000064
2.827918e-06, 0.000437
2.827968e-06, 0.000285
2.828018e-06, -0.000392
2.828068e-06, 0.000880
2.828118e-06, 0.002180
2.828168e-06, 0.000783
2.828218e-06, -0.000171
2.828268e-06, 0.000755
2.828318e-06, 0.000589
2.828368e-06, -0.000157
2.828418e-06, 0.000617
2.828468e-06, 0.001184
2.828518e-06, 0.000493
2.828568e-06, 0.000133
2.828618e-06, 0.000244
2.828668e-06, -0.000019
2.828718e-06, -0.000531
2.828768e-06, -0.001056
2.828818e-06, -0.001167
2.828868e-06, -0.000420
2.828918e-06, 0.000050
2.828968e-06, -0.000282
2.829018e-06, -0.000047
2.829068e-06, 0.000327
2.829118e-06, -0.000544
2.829168e-06, -0.000987
2.829218e-06, -0.000185
2.829268e-06, -0.000157
2.829318e-06, -0.000683
2.829368e-06, -0.000337
2.829418e-06, -0.000088
2.829468e-06, -0.000213
2.829518e-06, -0.000157
2.829568e-06, -0.000627
2.829618e-06, -0.001015
2.829668e-06, -0.000378
2.829718e-06, -0.000143
2.829768e-06, -0.000420
2.829818e-06, 0.000119
2.829868e-06, 0.000672
2.829918e-06, 0.000313
2.829968e-06, 0.000175
2.830018e-06, 0.000589
2.830068e-06, 0.000866
2.830118e-06, 0.001212
2.830168e-06, 0.001862
2.830218e-06, 0.002166
2.830268e-06, 0.002000
2.830318e-06, 0.002221
2.830368e-06, 0.002940
2.830418e-06, 0.003230
2.830468e-06, 0.003078
2.830518e-06, 0.003037
2.830568e-06, 0.003217
2.830618e-06, 0.003839
2.830668e-06, 0.004185
2.830718e-06, 0.003466
2.830768e-06, 0.003535
2.830818e-06, 0.005111
2.830868e-06, 0.005374
2.830918e-06, 0.004198
2.830968e-06, 0.004254
2.831018e-06, 0.005000
2.831068e-06, 0.005139
2.831118e-06, 0.005719
2.831168e-06, 0.006936
2.831218e-06, 0.008319
2.831268e-06, 0.010199
2.831318e-06, 0.011928
2.831368e-06, 0.013255
2.831418e-06, 0.015039
2.831468e-06, 0.017016
2.831518e-06, 0.019740
2.831568e-06, 0.024317
2.831618e-06, 0.028452
2.831668e-06, 0.030885
2.831718e-06, 0.034038
2.831768e-06, 0.037633
2.831818e-06, 0.040094
2.831868e-06, 0.043150
2.831918e-06, 0.046718
2.831968e-06, 0.048902
2.832018e-06, 0.051308
2.832068e-06, 0.054834
2.832118e-06, 0.057655
2.832168e-06, 0.059964
2.832218e-06, 0.062564
2.832268e-06, 0.064776
2.832318e-06, 0.067002
2.832368e-06, 0.069436
2.832418e-06, 0.071068
2.832468e-06, 0.072119
2.832518e-06, 0.073114
2.832568e-06, 0.074248
2.832618e-06, 0.076129
2.832668e-06, 0.077622
2.832718e-06, 0.077262
2.832768e-06, 0.077027
2.832818e-06, 0.078313
2.832868e-06, 0.078797
2.832918e-06, 0.078106
2.832968e-06, 0.078576
2.833018e-06, 0.079585
2.833068e-06, 0.079350
2.833118e-06, 0.078728
2.833168e-06, 0.078382
2.833218e-06, 0.077802
2.833268e-06, 0.077138
2.833318e-06, 0.076474
2.833368e-06, 0.075852
2.833418e-06, 0.075423
2.833468e-06, 0.074289
2.833518e-06, 0.072990
2.833568e-06, 0.073280
2.833618e-06, 0.073515
2.833668e-06, 0.072008
2.833718e-06, 0.071358
2.833768e-06, 0.071759
2.833818e-06, 0.070335
2.833868e-06, 0.068385
2.833918e-06, 0.067749
2.833968e-06, 0.066643
2.834018e-06, 0.065302
2.834068e-06, 0.064832
2.834118e-06, 0.063629
2.834168e-06, 0.062204
2.834218e-06, 0.062135
2.834268e-06, 0.061361
2.834318e-06, 0.059397
2.834368e-06, 0.058692
2.834418e-06, 0.058416
2.834468e-06, 0.057047
2.834518e-06, 0.056245
2.834568e-06, 0.056162
2.834618e-06, 0.055125
2.834668e-06, 0.053977
2.834718e-06, 0.053604
2.834768e-06, 0.053009
2.834818e-06, 0.052332
2.834868e-06, 0.052332
2.834918e-06, 0.052152
2.834968e-06, 0.051239
2.835018e-06, 0.050714
2.835068e-06, 0.051115
2.835118e-06, 0.051516
2.835168e-06, 0.051059
2.835218e-06, 0.050299
2.835268e-06, 0.050548
2.835318e-06, 0.051156
2.835368e-06, 0.050271
2.835418e-06, 0.049027
2.835468e-06, 0.049220
2.835518e-06, 0.049041
2.835568e-06, 0.047865
2.835618e-06, 0.048045
2.835668e-06, 0.048252
2.835718e-06, 0.046289
2.835768e-06, 0.044837
2.835818e-06, 0.045293
2.835868e-06, 0.045072
2.835918e-06, 0.043994
2.835968e-06, 0.043302
2.836018e-06, 0.042334
2.836068e-06, 0.041118
2.836118e-06, 0.039998
2.836168e-06, 0.038255
2.836218e-06, 0.036416
2.836268e-06, 0.035047
2.836318e-06, 0.033029
2.836368e-06, 0.031024
2.836418e-06, 0.030235
2.836468e-06, 0.028977
2.836518e-06, 0.026779
2.836568e-06, 0.025451
2.836618e-06, 0.024262
2.836668e-06, 0.021814
2.836718e-06, 0.019409
2.836768e-06, 0.017625
2.836818e-06, 0.015730
2.836868e-06, 0.013739
2.836918e-06, 0.011928
2.836968e-06, 0.010559
2.837018e-06, 0.009563
2.837068e-06, 0.007904
2.837118e-06, 0.006148
2.837168e-06, 0.004931
2.837218e-06, 0.002760
2.837268e-06, 0.000880
2.837318e-06, 0.001530
2.837368e-06, 0.001212
2.837418e-06, -0.001872
2.837468e-06, -0.003393
2.837518e-06, -0.003739
2.837568e-06, -0.006158
2.837618e-06, -0.007527
2.837668e-06, -0.006891
2.837718e-06, -0.008260
2.837768e-06, -0.009781
2.837818e-06, -0.008841
2.837868e-06, -0.009643
2.837918e-06, -0.012422
2.837968e-06, -0.012934
2.838018e-06, -0.012726
2.838068e-06, -0.013736
2.838118e-06, -0.013597
2.838168e-06, -0.012989
2.838218e-06, -0.013777
2.838268e-06, -0.014289
2.838318e-06, -0.014330
2.838368e-06, -0.015146
2.838418e-06, -0.015367
2.838468e-06, -0.014441
2.838518e-06, -0.014026
2.838568e-06, -0.014316
2.838618e-06, -0.014953
2.838668e-06, -0.015672
2.838718e-06, -0.015312
2.838768e-06, -0.014026
2.838818e-06, -0.013528
2.838868e-06, -0.013584
2.838918e-06, -0.013127
2.838968e-06, -0.012865
2.839018e-06, -0.012892
2.839068e-06, -0.012007
2.839118e-06, -0.010915
2.839168e-06, -0.010832
2.839218e-06, -0.010569
2.839268e-06, -0.009394
2.839318e-06, -0.008440
2.839368e-06, -0.007721
2.839418e-06, -0.006891
2.839468e-06, -0.006532
2.839518e-06, -0.006145
2.839568e-06, -0.005163
2.839618e-06, -0.004706
2.839668e-06, -0.004720
2.839718e-06, -0.004001
2.839768e-06, -0.003102
2.839818e-06, -0.002411
2.839868e-06, -0.001333
2.839918e-06, -0.000503
2.839968e-06, -0.000088
2.840018e-06, 0.001032
2.840068e-06, 0.001972
2.840118e-06, 0.001378
2.840168e-06, 0.001073
2.840218e-06, 0.002290
2.840268e-06, 0.003134
2.840318e-06, 0.003120
2.840368e-06, 0.003867
2.840418e-06, 0.004669
2.840468e-06, 0.004060
2.840518e-06, 0.003894
2.840568e-06, 0.005097
2.840618e-06, 0.005512
2.840668e-06, 0.005097
2.840718e-06, 0.005553
2.840768e-06, 0.005789
2.840818e-06, 0.005263
2.840868e-06, 0.005678
2.840918e-06, 0.006190
2.840968e-06, 0.006024
2.841018e-06, 0.007019
2.841068e-06, 0.007946
2.841118e-06, 0.006784
2.841168e-06, 0.006438
2.841218e-06, 0.007821
2.841268e-06, 0.007558
2.841318e-06, 0.006273
2.841368e-06, 0.006646
2.841418e-06, 0.007489
2.841468e-06, 0.007531
2.841518e-06, 0.007033
2.841568e-06, 0.006162
2.841618e-06, 0.006148
2.841668e-06, 0.006604
2.841718e-06, 0.005844
2.841768e-06, 0.006134
2.841818e-06, 0.007987
2.841868e-06, 0.007047
2.841918e-06, 0.004848
2.841968e-06, 0.005802
2.842018e-06, 0.006535
2.842068e-06, 0.005235
2.842118e-06, 0.005858
2.842168e-06, 0.006535
2.842218e-06, 0.004641
2.842268e-06, 0.004599
2.842318e-06, 0.005954
2.842368e-06, 0.004212
2.842418e-06, 0.003300
2.842468e-06, 0.005664
2.842518e-06, 0.005249
2.842568e-06, 0.002650
2.842618e-06, 0.003466
2.842668e-06, 0.004447
2.842718e-06, 0.002899
2.842768e-06, 0.003258
2.842818e-06, 0.004433
2.842868e-06, 0.002802
2.842918e-06, 0.001875
2.842968e-06, 0.002650
2.843018e-06, 0.001723
2.843068e-06, 0.001281
2.843118e-06, 0.002401
2.843168e-06, 0.001253
2.843218e-06, -0.000254
2.843268e-06, 0.001073
2.843318e-06, 0.001696
2.843368e-06, 0.000451
2.843418e-06, 0.000119
2.843468e-06, -0.000143
2.843518e-06, -0.000959
2.843568e-06, -0.000752
2.843618e-06, -0.000697
2.843668e-06, -0.001471
2.843718e-06, -0.001346
2.843768e-06, -0.001222
2.843818e-06, -0.002107
2.843868e-06, -0.002190
2.843918e-06, -0.001678
2.843968e-06, -0.002204
2.844018e-06, -0.002453
2.844068e-06, -0.001941
2.844118e-06, -0.002356
2.844168e-06, -0.002937
2.844218e-06, -0.002204
2.844268e-06, -0.001623
2.844318e-06, -0.002190
2.844368e-06, -0.002273
2.844418e-06, -0.001457
2.844468e-06, -0.001139
2.844518e-06, -0.001222
2.844568e-06, -0.000835
2.844618e-06, -0.000614
2.844668e-06, -0.001167
2.844718e-06, -0.001554
2.844768e-06, -0.001443
2.844818e-06, -0.001678
2.844868e-06, -0.001927
2.844918e-06, -0.001139
2.844968e-06, -0.000378
2.845018e-06, -0.001001
2.845068e-06, -0.001609
2.845118e-06, -0.000738
2.845168e-06, -0.000033
2.845218e-06, -0.000821
2.845268e-06, -0.001526
2.845318e-06, -0.001111
2.845368e-06, -0.000683
2.845418e-06, -0.000337
2.845468e-06, 0.000133
2.845518e-06, -0.000544
2.845568e-06, -0.001526
2.845618e-06, -0.000365
2.845668e-06, 0.001184
2.845718e-06, 0.000424
2.845768e-06, -0.000351
2.845818e-06, 0.000465
2.845868e-06, 0.000327
2.845918e-06, -0.000683
2.845968e-06, -0.000406
2.846018e-06, 0.000188
2.846068e-06, 0.000327
2.846118e-06, 0.000852
2.846168e-06, 0.000977
2.846218e-06, 0.000742
2.846268e-06, 0.001626
2.846318e-06, 0.002249
2.846368e-06, 0.001322
2.846418e-06, 0.000963
2.846468e-06, 0.002014
2.846518e-06, 0.002650
2.846568e-06, 0.002484
2.846618e-06, 0.002387
2.846668e-06, 0.002456
2.846718e-06, 0.002484
2.846768e-06, 0.002276
2.846818e-06, 0.001945
2.846868e-06, 0.002193
2.846918e-06, 0.002995
2.846968e-06, 0.003396
2.847018e-06, 0.003341
2.847068e-06, 0.003977
2.847118e-06, 0.005388
2.847168e-06, 0.006535
2.847218e-06, 0.007683
2.847268e-06, 0.010158
2.847318e-06, 0.013311
2.847368e-06, 0.015468
2.847418e-06, 0.017168
2.847468e-06, 0.019339
2.847518e-06, 0.021178
2.847568e-06, 0.022271
2.847618e-06, 0.023211
2.847668e-06, 0.023571
2.847718e-06, 0.023266
2.847768e-06, 0.023294
2.847818e-06, 0.023183
2.847868e-06, 0.022188
2.847918e-06, 0.021897
2.847968e-06, 0.023087
2.848018e-06, 0.024096
2.848068e-06, 0.024566
2.848118e-06, 0.025354
2.848168e-06, 0.025921
2.848218e-06, 0.025990
2.848268e-06, 0.026336
2.848318e-06, 0.026405
2.848368e-06, 0.025603
2.848418e-06, 0.025230
2.848468e-06, 0.025202
2.848518e-06, 0.023999
2.848568e-06, 0.022603
2.848618e-06, 0.022796
2.848668e-06, 0.022976
2.848718e-06, 0.021801
2.848768e-06, 0.021054
2.848818e-06, 0.021414
2.848868e-06, 0.021275
2.848918e-06, 0.020363
2.848968e-06, 0.019436
2.849018e-06, 0.018800
2.849068e-06, 0.018192
2.849118e-06, 0.016781
2.849168e-06, 0.014624
2.849218e-06, 0.013380
2.849268e-06, 0.012799
2.849318e-06, 0.011389
2.849368e-06, 0.010435
2.849418e-06, 0.010614
2.849468e-06, 0.009646
2.849518e-06, 0.007876
2.849568e-06, 0.007393
2.849618e-06, 0.006936
2.849668e-06, 0.005443
2.849718e-06, 0.004572
2.849768e-06, 0.004337
2.849818e-06, 0.003327
2.849868e-06, 0.002152
2.849918e-06, 0.001143
2.849968e-06, -0.000296
2.850018e-06, -0.000835
2.850068e-06, -0.000420
2.850118e-06, -0.001706
2.850168e-06, -0.003766
2.850218e-06, -0.003434
2.850268e-06, -0.002674
2.850318e-06, -0.004043
2.850368e-06, -0.005163
2.850418e-06, -0.004845
2.850468e-06, -0.004942
2.850518e-06, -0.005190
2.850568e-06, -0.005011
2.850618e-06, -0.005190
2.850668e-06, -0.005356
2.850718e-06, -0.005232
2.850768e-06, -0.005508
2.850818e-06, -0.005605
2.850868e-06, -0.005481
2.850918e-06, -0.006034
2.850968e-06, -0.006227
2.851018e-06, -0.005826
2.851068e-06, -0.006158
2.851118e-06, -0.006269
2.851168e-06, -0.005744
2.851218e-06, -0.006310
2.851268e-06, -0.006767
2.851318e-06, -0.005702
2.851368e-06, -0.005495
2.851418e-06, -0.006186
2.851468e-06, -0.005578
2.851518e-06, -0.004983
2.851568e-06, -0.005107
2.851618e-06, -0.004057
2.851668e-06, -0.003158
2.851718e-06, -0.003974
2.851768e-06, -0.003932
2.851818e-06, -0.002701
2.851868e-06, -0.002605
2.851918e-06, -0.002964
2.851968e-06, -0.002494
2.852018e-06, -0.002024
2.852068e-06, -0.001789
2.852118e-06, -0.001554
2.852168e-06, -0.001305
2.852218e-06, -0.000821
2.852268e-06, -0.000766
2.852318e-06, -0.001167
2.852368e-06, -0.000572
2.852418e-06, 0.000437
2.852468e-06, 0.000437
2.852518e-06, 0.000285
2.852568e-06, 0.000617
2.852618e-06, 0.000935
2.852668e-06, 0.001378
2.852718e-06, 0.001640
2.852768e-06, 0.001626
2.852818e-06, 0.002083
2.852868e-06, 0.002415
2.852918e-06, 0.002539
2.852968e-06, 0.003549
2.853018e-06, 0.003839
2.853068e-06, 0.002594
2.853118e-06, 0.002912
2.853168e-06, 0.004281
2.853218e-06, 0.003383
2.853268e-06, 0.002401
2.853318e-06, 0.003659
2.853368e-06, 0.004323
2.853418e-06, 0.003756
2.853468e-06, 0.003949
2.853518e-06, 0.003867
2.853568e-06, 0.002677
2.853618e-06, 0.002152
2.853668e-06, 0.002622
2.853718e-06, 0.002774
2.853768e-06, 0.002553
2.853818e-06, 0.002677
2.853868e-06, 0.002899
2.853918e-06, 0.002290
2.853968e-06, 0.001447
2.854018e-06, 0.001779
2.854068e-06, 0.002539
2.854118e-06, 0.002346
2.854168e-06, 0.002152
2.854218e-06, 0.002373
2.854268e-06, 0.001834
2.854318e-06, 0.001391
2.854368e-06, 0.002110
2.854418e-06, 0.002263
2.854468e-06, 0.001530
2.854518e-06, 0.001557
2.854568e-06, 0.001668
2.854618e-06, 0.001502
2.854668e-06, 0.002180
2.854718e-06, 0.002442
2.854768e-06, 0.001488
2.854818e-06, 0.001336
2.854868e-06, 0.001820
2.854918e-06, 0.001557
2.854968e-06, 0.001447
2.855018e-06, 0.001350
2.855068e-06, 0.000838
2.855118e-06, 0.001405
2.855168e-06, 0.001862
2.855218e-06, 0.000368
2.855268e-06, -0.000143
2.855318e-06, 0.001378
2.855368e-06, 0.001253
2.855418e-06, -0.000351
2.855468e-06, -0.000296
2.855518e-06, 0.000451
2.855568e-06, 0.000133
2.855618e-06, -0.000088
2.855668e-06, -0.000102
2.855718e-06, -0.000932
2.855768e-06, -0.001429
2.855818e-06, -0.000669
2.855868e-06, -0.000296
2.855918e-06, -0.000835
2.855968e-06, -0.000683
2.856018e-06, -0.000019
2.856068e-06, -0.000130
2.856118e-06, -0.000392
2.856168e-06, -0.000185
2.856218e-06, -0.000420
2.856268e-06, -0.000641
2.856318e-06, 0.000202
2.856368e-06, 0.000562
2.856418e-06, -0.000171
2.856468e-06, -0.000116
2.856518e-06, 0.000285
2.856568e-06, -0.000171
2.856618e-06, 0.000036
2.856668e-06, 0.000645
2.856718e-06, -0.000074
2.856768e-06, -0.000544
2.856818e-06, 0.000327
2.856868e-06, 0.000728
2.856918e-06, 0.000949
2.856968e-06, 0.002138
2.857018e-06, 0.002747
2.857068e-06, 0.001972
2.857118e-06, 0.001350
2.857168e-06, 0.001405
2.857218e-06, 0.001322
2.857268e-06, 0.000700
2.857318e-06, 0.000493
2.857368e-06, 0.001516
2.857418e-06, 0.001792
2.857468e-06, 0.000064
2.857518e-06, -0.000655
2.857568e-06, 0.000825
2.857618e-06, 0.001295
2.857668e-06, 0.000410
2.857718e-06, 0.000617
2.857768e-06, 0.000977
2.857818e-06, 0.000244
2.857868e-06, -0.000047
2.857918e-06, 0.000216
2.857968e-06, 0.000105
2.858018e-06, 0.000313
2.858068e-06, 0.000506
2.858118e-06, 0.000105
2.858168e-06, 0.000534
2.858218e-06, 0.001364
2.858268e-06, 0.000921
2.858318e-06, 0.000852
2.858368e-06, 0.001516
2.858418e-06, 0.000451
2.858468e-06, -0.000779
2.858518e-06, 0.000133
2.858568e-06, 0.000700
2.858618e-06, 0.000327
2.858668e-06, 0.000894
2.858718e-06, 0.000769
2.858768e-06, -0.000213
2.858818e-06, 0.000479
2.858868e-06, 0.000990
2.858918e-06, -0.000047
2.858968e-06, 0.000092
2.859018e-06, 0.000493
2.859068e-06, -0.000807
2.859118e-06, -0.000752
2.859168e-06, 0.000672
2.859218e-06, 0.000064
2.859268e-06, -0.000669
2.859318e-06, 0.000562
2.859368e-06, 0.000631
2.859418e-06, -0.000890
2.859468e-06, -0.001056
2.859518e-06, -0.000282
2.859568e-06, -0.000461
2.859618e-06, -0.000697
2.859668e-06, -0.000019
2.859718e-06, 0.000313
2.859768e-06, -0.000475
2.859818e-06, -0.000973
2.859868e-06, -0.000213
2.859918e-06, 0.000410
2.859968e-06, -0.000130
2.860018e-06, -0.000821
2.860068e-06, -0.000683
2.860118e-06, -0.000019
2.860168e-06, 0.000078
2.860218e-06, -0.000779
2.860268e-06, -0.001070
2.860318e-06, -0.000213
2.860368e-06, -0.000185
2.860418e-06, -0.000945
2.860468e-06, -0.000309
2.860518e-06, 0.000548
2.860568e-06, -0.000268
2.860618e-06, -0.000544
2.860668e-06, 0.000437
2.860718e-06, 0.000064
2.860768e-06, -0.000766
2.860818e-06, -0.000019
2.860868e-06, 0.000354
2.860918e-06, -0.000171
2.860968e-06, 0.000299
2.861018e-06, 0.000451
2.861068e-06, -0.000475
2.861118e-06, 0.000175
2.861168e-06, 0.001737
2.861218e-06, 0.001350
2.861268e-06, 0.000341
2.861318e-06, 0.000562
2.861368e-06, 0.000963
2.861418e-06, 0.001433
2.861468e-06, 0.002180
2.861518e-06, 0.002055
2.861568e-06, 0.001986
2.861618e-06, 0.003051
2.861668e-06, 0.002968
2.861718e-06, 0.002014
2.861768e-06, 0.003410
2.861818e-06, 0.005000
2.861868e-06, 0.003991
2.861918e-06, 0.003659
2.861968e-06, 0.004613
2.862018e-06, 0.003922
2.862068e-06, 0.003618
2.862118e-06, 0.005291
2.862168e-06, 0.005775
2.862218e-06, 0.005056
2.862268e-06, 0.005139
2.862318e-06, 0.004959
2.862368e-06, 0.004876
2.862418e-06, 0.006259
2.862468e-06, 0.007503
2.862518e-06, 0.008692
2.862568e-06, 0.011306
2.862618e-06, 0.013670
2.862668e-06, 0.015343
2.862718e-06, 0.018358
2.862768e-06, 0.021649
2.862818e-06, 0.024138
2.862868e-06, 0.027857
2.862918e-06, 0.031936
2.862968e-06, 0.034066
2.863018e-06, 0.036485
2.863068e-06, 0.040772
2.863118e-06, 0.044035
2.863168e-06, 0.045985
2.863218e-06, 0.049137
2.863268e-06, 0.052041
2.863318e-06, 0.053203
2.863368e-06, 0.055761
2.863418e-06, 0.060116
2.863468e-06, 0.062522
2.863518e-06, 0.063864
2.863568e-06, 0.067016
2.863618e-06, 0.069547
2.863668e-06, 0.070183
2.863718e-06, 0.072119
2.863768e-06, 0.074483
2.863818e-06, 0.074704
2.863868e-06, 0.075437
2.863918e-06, 0.077525
2.863968e-06, 0.077774
2.864018e-06, 0.077249
2.864068e-06, 0.078327
2.864118e-06, 0.079088
2.864168e-06, 0.079157
2.864218e-06, 0.080235
2.864268e-06, 0.080927
2.864318e-06, 0.080470
2.864368e-06, 0.080650
2.864418e-06, 0.080871
2.864468e-06, 0.080042
2.864518e-06, 0.079793
2.864568e-06, 0.080083
2.864618e-06, 0.078922
2.864668e-06, 0.077249
2.864718e-06, 0.076834
2.864768e-06, 0.076806
2.864818e-06, 0.076806
2.864868e-06, 0.077387
2.864918e-06, 0.077484
2.864968e-06, 0.076806
2.865018e-06, 0.076682
2.865068e-06, 0.076294
2.865118e-06, 0.074856
2.865168e-06, 0.074372
2.865218e-06, 0.074317
2.865268e-06, 0.072381
2.865318e-06, 0.070750
2.865368e-06, 0.070902
2.865418e-06, 0.069602
2.865468e-06, 0.067085
2.865518e-06, 0.066311
2.865568e-06, 0.065703
2.865618e-06, 0.064043
2.865668e-06, 0.063559
2.865718e-06, 0.063739
2.865768e-06, 0.062923
2.865818e-06, 0.062108
2.865868e-06, 0.061250
2.865918e-06, 0.059923
2.865968e-06, 0.059494
2.866018e-06, 0.058983
2.866068e-06, 0.056839
2.866118e-06, 0.055125
2.866168e-06, 0.054779
2.866218e-06, 0.053576
2.866268e-06, 0.051778
2.866318e-06, 0.051032
2.866368e-06, 0.050147
2.866418e-06, 0.048432
2.866468e-06, 0.047395
2.866518e-06, 0.046828
2.866568e-06, 0.045349
2.866618e-06, 0.043510
2.866668e-06, 0.041933
2.866718e-06, 0.040537
2.866768e-06, 0.039597
2.866818e-06, 0.038477
2.866868e-06, 0.036167
2.866918e-06, 0.033831
2.866968e-06, 0.032710
2.867018e-06, 0.031770
2.867068e-06, 0.030069
2.867118e-06, 0.027926
2.867168e-06, 0.025783
2.867218e-06, 0.024179
2.867268e-06, 0.022838
2.867318e-06, 0.020625
2.867368e-06, 0.018206
2.867418e-06, 0.017030
2.867468e-06, 0.015661
2.867518e-06, 0.012827
2.867568e-06, 0.010476
2.867618e-06, 0.009425
2.867668e-06, 0.007780
2.867718e-06, 0.005471
2.867768e-06, 0.003991
2.867818e-06, 0.002871
2.867868e-06, 0.000894
2.867918e-06, -0.001457
2.867968e-06, -0.003185
2.868018e-06, -0.004402
2.868068e-06, -0.005495
2.868118e-06, -0.006656
2.868168e-06, -0.008136
2.868218e-06, -0.009477
2.868268e-06, -0.009919
2.868318e-06, -0.010514
2.868368e-06, -0.012021
2.868418e-06, -0.012865
2.868468e-06, -0.012823
2.868518e-06, -0.013611
2.868568e-06, -0.014510
2.868618e-06, -0.014635
2.868668e-06, -0.015132
2.868718e-06, -0.015741
2.868768e-06, -0.015685
2.868818e-06, -0.016017
2.868868e-06, -0.016653
2.868918e-06, -0.016653
2.868968e-06, -0.016653
2.869018e-06, -0.016543
2.869068e-06, -0.016045
2.869118e-06, -0.016377
2.869168e-06, -0.016888
2.869218e-06, -0.016128
2.869268e-06, -0.015810
2.869318e-06, -0.016515
2.869368e-06, -0.016100
2.869418e-06, -0.015188
2.869468e-06, -0.015492
2.869518e-06, -0.015284
2.869568e-06, -0.013708
2.869618e-06, -0.012948
2.869668e-06, -0.013473
2.869718e-06, -0.013501
2.869768e-06, -0.012312
2.869818e-06, -0.010873
2.869868e-06, -0.010362
2.869918e-06, -0.010625
2.869968e-06, -0.010390
2.870018e-06, -0.009339
2.870068e-06, -0.007956
2.870118e-06, -0.006781
2.870168e-06, -0.006573
2.870218e-06, -0.006753
2.870268e-06, -0.005412
2.870318e-06, -0.003421
2.870368e-06, -0.003116
2.870418e-06, -0.003407
2.870468e-06, -0.002342
2.870518e-06, -0.001139
2.870568e-06, -0.000959
2.870618e-06, -0.000627
2.870668e-06, 0.000534
2.870718e-06, 0.001516
2.870768e-06, 0.001516
2.870818e-06, 0.001488
2.870868e-06, 0.002705
2.870918e-06, 0.004212
2.870968e-06, 0.004655
2.871018e-06, 0.004710
2.871068e-06, 0.004876
2.871118e-06, 0.004931
2.871168e-06, 0.005581
2.871218e-06, 0.006480
2.871268e-06, 0.006604
2.871318e-06, 0.006715
2.871368e-06, 0.007074
2.871418e-06, 0.006798
2.871468e-06, 0.006770
2.871518e-06, 0.007558
2.871568e-06, 0.007738
2.871618e-06, 0.007697
2.871668e-06, 0.008402
2.871718e-06, 0.008319
2.871768e-06, 0.007614
2.871818e-06, 0.008291
2.871868e-06, 0.008775
2.871918e-06, 0.007849
2.871968e-06, 0.008347
2.872018e-06, 0.009577
2.872068e-06, 0.008250
2.872118e-06, 0.007130
2.872168e-06, 0.008706
2.872218e-06, 0.009010
2.872268e-06, 0.007323
2.872318e-06, 0.007130
2.872368e-06, 0.007738
2.872418e-06, 0.007697
2.872468e-06, 0.007600
2.872518e-06, 0.006480
2.872568e-06, 0.005471
2.872618e-06, 0.006646
2.872668e-06, 0.007088
2.872718e-06, 0.005553
2.872768e-06, 0.005415
2.872818e-06, 0.006203
2.872868e-06, 0.005623
2.872918e-06, 0.005166
2.872968e-06, 0.005291
2.873018e-06, 0.004862
2.873068e-06, 0.004669
2.873118e-06, 0.004710
2.873168e-06, 0.004295
2.873218e-06, 0.004005
2.873268e-06, 0.003645
2.873318e-06, 0.003120
2.873368e-06, 0.003493
2.873418e-06, 0.003949
2.873468e-06, 0.003037
2.873518e-06, 0.002041
2.873568e-06, 0.002359
2.873618e-06, 0.002664
2.873668e-06, 0.001723
2.873718e-06, 0.001129
2.873768e-06, 0.001931
2.873818e-06, 0.001917
2.873868e-06, 0.000617
2.873918e-06, 0.000714
2.873968e-06, 0.001336
2.874018e-06, 0.000396
2.874068e-06, 0.000009
2.874118e-06, 0.000576
2.874168e-06, 0.000023
2.874218e-06, 0.000133
2.874268e-06, 0.001129
2.874318e-06, 0.000023
2.874368e-06, -0.001180
2.874418e-06, -0.000683
2.874468e-06, -0.001720
2.874518e-06, -0.003020
2.874568e-06, -0.001360
2.874618e-06, -0.000503
2.874668e-06, -0.002079
2.874718e-06, -0.002079
2.874768e-06, -0.001277
2.874818e-06, -0.002314
2.874868e-06, -0.002854
2.874918e-06, -0.002245
2.874968e-06, -0.002494
2.875018e-06, -0.002605
2.875068e-06, -0.001858
2.875118e-06, -0.001996
2.875168e-06, -0.002784
2.875218e-06, -0.002743
2.875268e-06, -0.002397
2.875318e-06, -0.002356
2.875368e-06, -0.001817
2.875418e-06, -0.000766
2.875468e-06, -0.000475
2.875518e-06, -0.001111
2.875568e-06, -0.001568
2.875618e-06, -0.001346
2.875668e-06, -0.000710
2.875718e-06, -0.000434
2.875768e-06, -0.001305
2.875818e-06, -0.002079
2.875868e-06, -0.001139
2.875918e-06, -0.000254
2.875968e-06, -0.000945
2.876018e-06, -0.000959
2.876068e-06, 0.000161
2.876118e-06, 0.000244
2.876168e-06, 0.000064
2.876218e-06, 0.000811
2.876268e-06, 0.001004
2.876318e-06, 0.000755
2.876368e-06, 0.000963
2.876418e-06, 0.000797
2.876468e-06, 0.000825
2.876518e-06, 0.001931
2.876568e-06, 0.002193
2.876618e-06, 0.001336
2.876668e-06, 0.001447
2.876718e-06, 0.001613
2.876768e-06, 0.000866
2.876818e-06, 0.001308
2.876868e-06, 0.002401
2.876918e-06, 0.001917
2.876968e-06, 0.001848
2.877018e-06, 0.003023
2.877068e-06, 0.002539
2.877118e-06, 0.001308
2.877168e-06, 0.002097
2.877218e-06, 0.002774
2.877268e-06, 0.002166
2.877318e-06, 0.002442
2.877368e-06, 0.002456
2.877418e-06, 0.001184
2.877468e-06, 0.001516
2.877518e-06, 0.002816
2.877568e-06, 0.002166
2.877618e-06, 0.001502
2.877668e-06, 0.002221
2.877718e-06, 0.002110
2.877768e-06, 0.002166
2.877818e-06, 0.003756
2.877868e-06, 0.003991
2.877918e-06, 0.002650
2.877968e-06, 0.002719
2.878018e-06, 0.003203
2.878068e-06, 0.002525
2.878118e-06, 0.002581
2.878168e-06, 0.003383
2.878218e-06, 0.003203
2.878268e-06, 0.003313
2.878318e-06, 0.004599
2.878368e-06, 0.005166
2.878418e-06, 0.005166
2.878468e-06, 0.006452
2.878518e-06, 0.008526
2.878568e-06, 0.010822
2.878618e-06, 0.014016
2.878668e-06, 0.017086
2.878718e-06, 0.019256
2.878768e-06, 0.021649
2.878818e-06, 0.023515
2.878868e-06, 0.023612
2.878918e-06, 0.023819
2.878968e-06, 0.024898
2.879018e-06, 0.024663
2.879068e-06, 0.023488
2.879118e-06, 0.023695
2.879168e-06, 0.024511
2.879218e-06, 0.024469
2.879268e-06, 0.024912
2.879318e-06, 0.026613
2.879368e-06, 0.027456
2.879418e-06, 0.026861
2.879468e-06, 0.027691
2.879518e-06, 0.029530
2.879568e-06, 0.028687
2.879618e-06, 0.026502
2.879668e-06, 0.026585
2.879718e-06, 0.026723
2.879768e-06, 0.025119
2.879818e-06, 0.024621
2.879868e-06, 0.024746
2.879918e-06, 0.023045
2.879968e-06, 0.022174
2.880018e-06, 0.023170
2.880068e-06, 0.022603
2.880118e-06, 0.021275
2.880168e-06, 0.021649
2.880218e-06, 0.021151
2.880268e-06, 0.018938
2.880318e-06, 0.018150
2.880368e-06, 0.018399
2.880418e-06, 0.017404
2.880468e-06, 0.016104
2.880518e-06, 0.015316
2.880568e-06, 0.014182
2.880618e-06, 0.012771
2.880668e-06, 0.011610
2.880718e-06, 0.010642
2.880768e-06, 0.010186
2.880818e-06, 0.010020
2.880868e-06, 0.008761
2.880918e-06, 0.006438
2.880968e-06, 0.005249
2.881018e-06, 0.005650
2.881068e-06, 0.005152
2.881118e-06, 0.002926
2.881168e-06, 0.001156
2.881218e-06, 0.000659
2.881268e-06, 0.000147
2.881318e-06, -0.000821
2.881368e-06, -0.001844
2.881418e-06, -0.002508
2.881468e-06, -0.002522
2.881518e-06, -0.002660
2.881568e-06, -0.003517
2.881618e-06, -0.004015
2.881668e-06, -0.003987
2.881718e-06, -0.004596
2.881768e-06, -0.004914
2.881818e-06, -0.004070
2.881868e-06, -0.004084
2.881918e-06, -0.005495
2.881968e-06, -0.005826
2.882018e-06, -0.004942
2.882068e-06, -0.004997
2.882118e-06, -0.006062
2.882168e-06, -0.006338
2.882218e-06, -0.005730
2.882268e-06, -0.005522
2.882318e-06, -0.005799
2.882368e-06, -0.005813
2.882418e-06, -0.005605
2.882468e-06, -0.005453
2.882518e-06, -0.005260
2.882568e-06, -0.004817
2.882618e-06, -0.004236
2.882668e-06, -0.004126
2.882718e-06, -0.004278
2.882768e-06, -0.003669
2.882818e-06, -0.002978
2.882868e-06, -0.003006
2.882918e-06, -0.002660
2.882968e-06, -0.002411
2.883018e-06, -0.003656
2.883068e-06, -0.004084
2.883118e-06, -0.002466
2.883168e-06, -0.001927
2.883218e-06, -0.002549
2.883268e-06, -0.001789
2.883318e-06, -0.001056
2.883368e-06, -0.001291
2.883418e-06, -0.000296
2.883468e-06, 0.000631
2.883518e-06, -0.000627
2.883568e-06, -0.001180
2.883618e-06, 0.000244
2.883668e-06, 0.000686
2.883718e-06, 0.000216
2.883768e-06, 0.000811
2.883818e-06, 0.001613
2.883868e-06, 0.001557
2.883918e-06, 0.001184
2.883968e-06, 0.001212
2.884018e-06, 0.002318
2.884068e-06, 0.003728
2.884118e-06, 0.003383
2.884168e-06, 0.002041
2.884218e-06, 0.001917
2.884268e-06, 0.002622
2.884318e-06, 0.002940
2.884368e-06, 0.003092
2.884418e-06, 0.003230
2.884468e-06, 0.003037
2.884518e-06, 0.002843
2.884568e-06, 0.003161
2.884618e-06, 0.003811
2.884668e-06, 0.004102
2.884718e-06, 0.003811
2.884768e-06, 0.003355
2.884818e-06, 0.003120
2.884868e-06, 0.003313
2.884918e-06, 0.003949
2.884968e-06, 0.004392
2.885018e-06, 0.004019
2.885068e-06, 0.003576
2.885118e-06, 0.003797
2.885168e-06, 0.003714
2.885218e-06, 0.002691
2.885268e-06, 0.002276
2.885318e-06, 0.002871
2.885368e-06, 0.002677
2.885418e-06, 0.001834
2.885468e-06, 0.002027
2.885518e-06, 0.002318
2.885568e-06, 0.001917
2.885618e-06, 0.002428
2.885668e-06, 0.003092
2.885718e-06, 0.001986
2.885768e-06, 0.001322
2.885818e-06, 0.002373
2.885868e-06, 0.002401
2.885918e-06, 0.001170
2.885968e-06, 0.001226
2.886018e-06, 0.001917
2.886068e-06, 0.001613
2.886118e-06, 0.001433
2.886168e-06, 0.001903
2.886218e-06, 0.001391
2.886268e-06, 0.000092
2.886318e-06, 0.000119
2.886368e-06, 0.001032
2.886418e-06, 0.001032
2.886468e-06, 0.000894
2.886518e-06, 0.001170
2.886568e-06, 0.000742
2.886618e-06, 0.000258
2.886668e-06, 0.000631
2.886718e-06, 0.000479
2.886768e-06, 0.000271
2.886818e-06, 0.001115
2.886868e-06, 0.000838
2.886918e-06, -0.000544
2.886968e-06, -0.000157
2.887018e-06, 0.000659
2.887068e-06, 0.000161
2.887118e-06, 0.000216
2.887168e-06, 0.000202
2.887218e-06, -0.000669
2.887268e-06, 0.000147
2.887318e-06, 0.001281
2.887368e-06, -0.000005
2.887418e-06, -0.000793
2.887468e-06, 0.000036
2.887518e-06, -0.000226
2.887568e-06, -0.000406
2.887618e-06, 0.000576
2.887668e-06, 0.000341
2.887718e-06, -0.000143
2.887768e-06, 0.000907
2.887818e-06, 0.000852
2.887868e-06, -0.000669
2.887918e-06, -0.000558
2.887968e-06, 0.000672
2.888018e-06, 0.000742
2.888068e-06, 0.000147
2.888118e-06, 0.000105
2.888168e-06, 0.000576
2.888218e-06, 0.001018
2.888268e-06, 0.001267
2.888318e-06, 0.001405
2.888368e-06, 0.001322
2.888418e-06, 0.001018
2.888468e-06, 0.001004
2.888518e-06, 0.000935
2.888568e-06, 0.000410
2.888618e-06, 0.000285
2.888668e-06, 0.000631
2.888718e-06, 0.000327
2.888768e-06, -0.000323
2.888818e-06, -0.000434
2.888868e-06, -0.000171
2.888918e-06, 0.000271
2.888968e-06, 0.000576
2.889018e-06, 0.000410
2.889068e-06, 0.000396
2.889118e-06, 0.000119
2.889168e-06, -0.001042
2.889218e-06, -0.001291
2.889268e-06, -0.000213
2.889318e-06, -0.000461
2.889368e-06, -0.001581
2.889418e-06, -0.001042
2.889468e-06, -0.000268
2.889518e-06, -0.000904
2.889568e-06, -0.001167
2.889618e-06, -0.000517
2.889668e-06, -0.000420
2.889718e-06, -0.000807
2.889768e-06, -0.000904
2.889818e-06, -0.000641
2.889868e-06, -0.000143
2.889918e-06, -0.000005
2.889968e-06, -0.000655
2.890018e-06, -0.001471
2.890068e-06, -0.001609
2.890118e-06, -0.001001
2.890168e-06, -0.000475
2.890218e-06, -0.000614
2.890268e-06, -0.000779
2.890318e-06, -0.000627
2.890368e-06, -0.000738
2.890418e-06, -0.000959
2.890468e-06, -0.000779
2.890518e-06, -0.000378
2.890568e-06, -0.000143
2.890618e-06, -0.000586
2.890668e-06, -0.001526
2.890718e-06, -0.001498
2.890768e-06, -0.000641
2.890818e-06, -0.000793
2.890868e-06, -0.001388
2.890918e-06, -0.000987
2.890968e-06, -0.000724
2.891018e-06, -0.001180
2.891068e-06, -0.001070
2.891118e-06, -0.000876
2.891168e-06, -0.001581
2.891218e-06, -0.001830
2.891268e-06, -0.001111
2.891318e-06, -0.000724
2.891368e-06, -0.000945
2.891418e-06, -0.001125
2.891468e-06, -0.000904
2.891518e-06, -0.000669
2.891568e-06, -0.001194
2.891618e-06, -0.001692
2.891668e-06, -0.000973
2.891718e-06, -0.000627
2.891768e-06, -0.001526
2.891818e-06, -0.001512
2.891868e-06, -0.000586
2.891918e-06, -0.000641
2.891968e-06, -0.000876
2.892018e-06, -0.000586
2.892068e-06, -0.000766
2.892118e-06, -0.000876
2.892168e-06, -0.000268
2.892218e-06, -0.000130
2.892268e-06, -0.000849
2.892318e-06, -0.001194
2.892368e-06, -0.000392
2.892418e-06, 0.000576
2.892468e-06, 0.000382
2.892518e-06, 0.000078
2.892568e-06, 0.000728
2.892618e-06, 0.000576
2.892668e-06, -0.000323
2.892718e-06, 0.000534
2.892768e-06, 0.001682
2.892818e-06, 0.000838
2.892868e-06, 0.000603
2.892918e-06, 0.001958
2.892968e-06, 0.002221
2.893018e-06, 0.002304
2.893068e-06, 0.003479
2.893118e-06, 0.003272
2.893168e-06, 0.002484
2.893218e-06, 0.003549
2.893268e-06, 0.004129
2.893318e-06, 0.003396
2.893368e-06, 0.004032
2.893418e-06, 0.004779
2.893468e-06, 0.004060
2.893518e-06, 0.004516
2.893568e-06, 0.005913
2.893618e-06, 0.006093
2.893668e-06, 0.007033
2.893718e-06, 0.009149
2.893768e-06, 0.009895
2.893818e-06, 0.011223
2.893868e-06, 0.014818
2.893918e-06, 0.017155
2.893968e-06, 0.018524
2.894018e-06, 0.022506
2.894068e-06, 0.026626
2.894118e-06, 0.028908
2.894168e-06, 0.032655
2.894218e-06, 0.036914
2.894268e-06, 0.038919
2.894318e-06, 0.041726
2.894368e-06, 0.045985
2.894418e-06, 0.048156
2.894468e-06, 0.049815
2.894518e-06, 0.052912
2.894568e-06, 0.055000
2.894618e-06, 0.056535
2.894668e-06, 0.059715
2.894718e-06, 0.062688
2.894768e-06, 0.064541
2.894818e-06, 0.066698
2.894868e-06, 0.068579
2.894918e-06, 0.069851
2.894968e-06, 0.071552
2.895018e-06, 0.072976
2.895068e-06, 0.073391
2.895118e-06, 0.073861
2.895168e-06, 0.074677
2.895218e-06, 0.075382
2.895268e-06, 0.076225
2.895318e-06, 0.076931
2.895368e-06, 0.076972
2.895418e-06, 0.076958
2.895468e-06, 0.077179
2.895518e-06, 0.077262
2.895568e-06, 0.077636
2.895618e-06, 0.078493
2.895668e-06, 0.078576
2.895718e-06, 0.077456
2.895768e-06, 0.076364
2.895818e-06, 0.075409
2.895868e-06, 0.073833
2.895918e-06, 0.072354
2.895968e-06, 0.071565
2.896018e-06, 0.070376
2.896068e-06, 0.068703
2.896118e-06, 0.067155
2.896168e-06, 0.064832
2.896218e-06, 0.062108
2.896268e-06, 0.060794
2.896318e-06, 0.059785
2.896368e-06, 0.057572
2.896418e-06, 0.055332
2.896468e-06, 0.053037
2.896518e-06, 0.049856
2.896568e-06, 0.047229
2.896618e-06, 0.045017
2.896668e-06, 0.041657
2.896718e-06, 0.038587
2.896768e-06, 0.036624
2.896818e-06, 0.033692
2.896868e-06, 0.030263
2.896918e-06, 0.027774
2.896968e-06, 0.025092
2.897018e-06, 0.022105
2.897068e-06, 0.020017
2.897118e-06, 0.017777
2.897168e-06, 0.014334
2.897218e-06, 0.010822
2.897268e-06, 0.008305
2.897318e-06, 0.006563
2.897368e-06, 0.004627
2.897418e-06, 0.001848
2.897468e-06, -0.000932
2.897518e-06, -0.002660
2.897568e-06, -0.004029
2.897618e-06, -0.005840
2.897668e-06, -0.007209
2.897718e-06, -0.008053
2.897768e-06, -0.009491
2.897818e-06, -0.010860
2.897868e-06, -0.011662
2.897918e-06, -0.013680
2.897968e-06, -0.015976
2.898018e-06, -0.015838
2.898068e-06, -0.015354
2.898118e-06, -0.016944
2.898168e-06, -0.018285
2.898218e-06, -0.018658
2.898268e-06, -0.019668
2.898318e-06, -0.020290
2.898368e-06, -0.020221
2.898418e-06, -0.021189
2.898468e-06, -0.022074
2.898518e-06, -0.021438
2.898568e-06, -0.020967
2.898618e-06, -0.021576
2.898668e-06, -0.021852
2.898718e-06, -0.021313
2.898768e-06, -0.020719
2.898818e-06, -0.020511
2.898868e-06, -0.020594
2.898918e-06, -0.020774
2.898968e-06, -0.020995
2.899018e-06, -0.020926
2.899068e-06, -0.019889
2.899118e-06, -0.018465
2.899168e-06, -0.018299
2.899218e-06, -0.018976
2.899268e-06, -0.018479
2.899318e-06, -0.017151
2.899368e-06, -0.016612
2.899418e-06, -0.016363
2.899468e-06, -0.015464
2.899518e-06, -0.014579
2.899568e-06, -0.013597
2.899618e-06, -0.012021
2.899668e-06, -0.011247
2.899718e-06, -0.011648
2.899768e-06, -0.011039
2.899818e-06, -0.009463
2.899868e-06, -0.009325
2.899918e-06, -0.009449
2.899968e-06, -0.007403
2.900018e-06, -0.005702
2.900068e-06, -0.006656
2.900118e-06, -0.006836
2.900168e-06, -0.004748
2.900218e-06, -0.003669
2.900268e-06, -0.003697
2.900318e-06, -0.002840
2.900368e-06, -0.002314
2.900418e-06, -0.002231
2.900468e-06, -0.000849
2.900518e-06, 0.000271
2.900568e-06, -0.000171
2.900618e-06, 0.000036
2.900668e-06, 0.001378
2.900718e-06, 0.002180
2.900768e-06, 0.002387
2.900818e-06, 0.002318
2.900868e-06, 0.002000
2.900918e-06, 0.002456
2.900968e-06, 0.003825
2.901018e-06, 0.004627
2.901068e-06, 0.004848
2.901118e-06, 0.005484
2.901168e-06, 0.005706
2.901218e-06, 0.004738
2.901268e-06, 0.004558
2.901318e-06, 0.006190
2.901368e-06, 0.007379
2.901418e-06, 0.006992
2.901468e-06, 0.006577
2.901518e-06, 0.006577
2.901568e-06, 0.006369
2.901618e-06, 0.006743
2.901668e-06, 0.007628
2.901718e-06, 0.007683
2.901768e-06, 0.007572
2.901818e-06, 0.008236
2.901868e-06, 0.008374
2.901918e-06, 0.007876
2.901968e-06, 0.008430
2.902018e-06, 0.008872
2.902068e-06, 0.007711
2.902118e-06, 0.007102
2.902168e-06, 0.007683
2.902218e-06, 0.007240
2.902268e-06, 0.006701
2.902318e-06, 0.007420
2.902368e-06, 0.007351
2.902418e-06, 0.006521
2.902468e-06, 0.006812
2.902518e-06, 0.006743
2.902568e-06, 0.005816
2.902618e-06, 0.005858
2.902668e-06, 0.005636
2.902718e-06, 0.004433
2.902768e-06, 0.004696
2.902818e-06, 0.005706
2.902868e-06, 0.005249
2.902918e-06, 0.004751
2.902968e-06, 0.004655
2.903018e-06, 0.003949
2.903068e-06, 0.003839
2.903118e-06, 0.003991
2.903168e-06, 0.003065
2.903218e-06, 0.002802
2.903268e-06, 0.003535
2.903318e-06, 0.003189
2.903368e-06, 0.002622
2.903418e-06, 0.002747
2.903468e-06, 0.002304
2.903518e-06, 0.001848
2.903568e-06, 0.001903
2.903618e-06, 0.001502
2.903668e-06, 0.001530
2.903718e-06, 0.002055
2.903768e-06, 0.001571
2.903818e-06, 0.001115
2.903868e-06, 0.001322
2.903918e-06, 0.000742
2.903968e-06, 0.000258
2.904018e-06, 0.000603
2.904068e-06, 0.000119
2.904118e-06, -0.000157
2.904168e-06, 0.000921
2.904218e-06, 0.000963
2.904268e-06, -0.000130
2.904318e-06, -0.000268
2.904368e-06, -0.000240
2.904418e-06, -0.000752
2.904468e-06, -0.000779
2.904518e-06, -0.000586
2.904568e-06, -0.000226
2.904618e-06, 0.000506
2.904668e-06, 0.000119
2.904718e-06, -0.000904
2.904768e-06, -0.000448
2.904818e-06, 0.000147
2.904868e-06, -0.000724
2.904918e-06, -0.000959
2.904968e-06, -0.000240
2.905018e-06, -0.000697
2.905068e-06, -0.001111
2.905118e-06, 0.000023
2.905168e-06, 0.000686
2.905218e-06, 0.000078
2.905268e-06, -0.000240
2.905318e-06, -0.000060
2.905368e-06, -0.000019
2.905418e-06, -0.000213
2.905468e-06, -0.000697
2.905518e-06, -0.000697
2.905568e-06, 0.000368
2.905618e-06, 0.000742
2.905668e-06, -0.000461
2.905718e-06, -0.000973
2.905768e-06, 0.000202
2.905818e-06, 0.000797
2.905868e-06, -0.000309
2.905918e-06, -0.001194
2.905968e-06, -0.000600
2.906018e-06, -0.000060
2.906068e-06, -0.000503
2.906118e-06, -0.000572
2.906168e-06, -0.000102
2.906218e-06, -0.000309
2.906268e-06, -0.000489
2.906318e-06, -0.000116
2.906368e-06, -0.000365
2.906418e-06, -0.000600
2.906468e-06, 0.000202
2.906518e-06, 0.000451
2.906568e-06, -0.000213
2.906618e-06, 0.000188
2.906668e-06, 0.001129
2.906718e-06, 0.001073
2.906768e-06, 0.000631
2.906818e-06, 0.000244
2.906868e-06, 0.000119
2.906918e-06, 0.001129
2.906968e-06, 0.001806
2.907018e-06, 0.000894
2.907068e-06, 0.000617
2.907118e-06, 0.001239
2.907168e-06, 0.000977
2.907218e-06, 0.001364
2.907268e-06, 0.002857
2.907318e-06, 0.002705
2.907368e-06, 0.001820
2.907418e-06, 0.002304
2.907468e-06, 0.002442
2.907518e-06, 0.001958
2.907568e-06, 0.002359
2.907618e-06, 0.002387
2.907668e-06, 0.002014
2.907718e-06, 0.002760
2.907768e-06, 0.003134
2.907818e-06, 0.002276
2.907868e-06, 0.002221
2.907918e-06, 0.002982
2.907968e-06, 0.002926
2.908018e-06, 0.002719
2.908068e-06, 0.002926
2.908118e-06, 0.002594
2.908168e-06, 0.002359
2.908218e-06, 0.002760
2.908268e-06, 0.002318
2.908318e-06, 0.001613
2.908368e-06, 0.002636
2.908418e-06, 0.003701
2.908468e-06, 0.003106
2.908518e-06, 0.002926
2.908568e-06, 0.003410
2.908618e-06, 0.002691
2.908668e-06, 0.001862
2.908718e-06, 0.002041
2.908768e-06, 0.001931
2.908818e-06, 0.001765
2.908868e-06, 0.002290
2.908918e-06, 0.002442
2.908968e-06, 0.002290
2.909018e-06, 0.002691
2.909068e-06, 0.002677
2.909118e-06, 0.002180
2.909168e-06, 0.002539
2.909218e-06, 0.003106
2.909268e-06, 0.002747
2.909318e-06, 0.002152
2.909368e-06, 0.002152
2.909418e-06, 0.002622
2.909468e-06, 0.003189
2.909518e-06, 0.003286
2.909568e-06, 0.003106
2.909618e-06, 0.003631
2.909668e-06, 0.005415
2.909718e-06, 0.007572
2.909768e-06, 0.008872
2.909818e-06, 0.010476
2.909868e-06, 0.014085
2.909918e-06, 0.017556
2.909968e-06, 0.019132
2.910018e-06, 0.021095
2.910068e-06, 0.022962
2.910118e-06, 0.022464
2.910168e-06, 0.022257
2.910218e-06, 0.023418
2.910268e-06, 0.022423
2.910318e-06, 0.020681
2.910368e-06, 0.021621
2.910418e-06, 0.022686
2.910468e-06, 0.022492
2.910518e-06, 0.023446
2.910568e-06, 0.024843
2.910618e-06, 0.025465
2.910668e-06, 0.026087
2.910718e-06, 0.026073
2.910768e-06, 0.025741
2.910818e-06, 0.026530
2.910868e-06, 0.026364
2.910918e-06, 0.024621
2.910968e-06, 0.024359
2.911018e-06, 0.024552
2.911068e-06, 0.022824
2.911118e-06, 0.021704
2.911168e-06, 0.021676
2.911218e-06, 0.020625
2.911268e-06, 0.020529
2.911318e-06, 0.021828
2.911368e-06, 0.020777
2.911418e-06, 0.018938
2.911468e-06, 0.019948
2.911518e-06, 0.020100
2.911568e-06, 0.017003
2.911618e-06, 0.015523
2.911668e-06, 0.016588
2.911718e-06, 0.015495
2.911768e-06, 0.012661
2.911818e-06, 0.011665
2.911868e-06, 0.011568
2.911918e-06, 0.010545
2.911968e-06, 0.009425
2.912018e-06, 0.008651
2.912068e-06, 0.008001
2.912118e-06, 0.007794
2.912168e-06, 0.007254
2.912218e-06, 0.005567
2.912268e-06, 0.004046
2.912318e-06, 0.003631
2.912368e-06, 0.003023
2.912418e-06, 0.001419
2.912468e-06, 0.000299
2.912518e-06, 0.000548
2.912568e-06, 0.000465
2.912618e-06, -0.001015
2.912668e-06, -0.002204
2.912718e-06, -0.002273
2.912768e-06, -0.002895
2.912818e-06, -0.003987
2.912868e-06, -0.003835
2.912918e-06, -0.003365
2.912968e-06, -0.003835
2.913018e-06, -0.004084
2.913068e-06, -0.004015
2.913118e-06, -0.004541
2.913168e-06, -0.004651
2.913218e-06, -0.004347
2.913268e-06, -0.005024
2.913318e-06, -0.005412
2.913368e-06, -0.004803
2.913418e-06, -0.005343
2.913468e-06, -0.006089
2.913518e-06, -0.005149
2.913568e-06, -0.005204
2.913618e-06, -0.006725
2.913668e-06, -0.005909
2.913718e-06, -0.003987
2.913768e-06, -0.004817
2.913818e-06, -0.006089
2.913868e-06, -0.005232
2.913918e-06, -0.004541
2.913968e-06, -0.004914
2.914018e-06, -0.004748
2.914068e-06, -0.004388
2.914118e-06, -0.004527
2.914168e-06, -0.004596
2.914218e-06, -0.004610
2.914268e-06, -0.004416
2.914318e-06, -0.003739
2.914368e-06, -0.003766
2.914418e-06, -0.004416
2.914468e-06, -0.003656
2.914518e-06, -0.002218
2.914568e-06, -0.002342
2.914618e-06, -0.002522
2.914668e-06, -0.000932
2.914718e-06, 0.000327
2.914768e-06, 0.000009
2.914818e-06, -0.000157
2.914868e-06, 0.000354
2.914918e-06, 0.000548
2.914968e-06, 0.000562
2.915018e-06, 0.000825
2.915068e-06, 0.001239
2.915118e-06, 0.001668
2.915168e-06, 0.001903
2.915218e-06, 0.002207
2.915268e-06, 0.002995
2.915318e-06, 0.003590
2.915368e-06, 0.003493
2.915418e-06, 0.003065
2.915468e-06, 0.002428
2.915518e-06, 0.002318
2.915568e-06, 0.003217
2.915618e-06, 0.003383
2.915668e-06, 0.002456
2.915718e-06, 0.002622
2.915768e-06, 0.003618
2.915818e-06, 0.003797
2.915868e-06, 0.003549
2.915918e-06, 0.003272
2.915968e-06, 0.002871
2.916018e-06, 0.002968
2.916068e-06, 0.003120
2.916118e-06, 0.002912
2.916168e-06, 0.003148
2.916218e-06, 0.003383
2.916268e-06, 0.002691
2.916318e-06, 0.002249
2.916368e-06, 0.002581
2.916418e-06, 0.002622
2.916468e-06, 0.002442
2.916518e-06, 0.002498
2.916568e-06, 0.002346
2.916618e-06, 0.002304
2.916668e-06, 0.002871
2.916718e-06, 0.003120
2.916768e-06, 0.002622
2.916818e-06, 0.002083
2.916868e-06, 0.001806
2.916918e-06, 0.002069
2.916968e-06, 0.002802
2.917018e-06, 0.002788
2.917068e-06, 0.002041
2.917118e-06, 0.001668
2.917168e-06, 0.001143
2.917218e-06, 0.000299
2.917268e-06, 0.000506
2.917318e-06, 0.001156
2.917368e-06, 0.000755
2.917418e-06, 0.000437
2.917468e-06, 0.000963
2.917518e-06, 0.001032
2.917568e-06, 0.000659
2.917618e-06, 0.000631
2.917668e-06, 0.000520
2.917718e-06, 0.000576
2.917768e-06, 0.001143
2.917818e-06, 0.001212
2.917868e-06, 0.000700
2.917918e-06, 0.000313
2.917968e-06, -0.000088
2.918018e-06, -0.000143
2.918068e-06, 0.000382
2.918118e-06, 0.000341
2.918168e-06, -0.000074
2.918218e-06, -0.000060
2.918268e-06, -0.000365
2.918318e-06, -0.000365
2.918368e-06, 0.000755
2.918418e-06, 0.000700
2.918468e-06, -0.000807
2.918518e-06, -0.000600
2.918568e-06, 0.000465
2.918618e-06, -0.000309
2.918668e-06, -0.000876
2.918718e-06, 0.000147
2.918768e-06, 0.000244
2.918818e-06, -0.000461
2.918868e-06, -0.000088
2.918918e-06, 0.000230
2.918968e-06, -0.000199
2.919018e-06, -0.000033
2.919068e-06, 0.000465
2.919118e-06, 0.000410
2.919168e-06, 0.000175
2.919218e-06, 0.000050
2.919268e-06, 0.000271
2.919318e-06, 0.000811
2.919368e-06, 0.000797
2.919418e-06, 0.000327
2.919468e-06, 0.000299
2.919518e-06, 0.000520
2.919568e-06, 0.000424
2.919618e-06, 0.000188
2.919668e-06, 0.000147
2.919718e-06, 0.000603
2.919768e-06, 0.001087
2.919818e-06, 0.000797
2.919868e-06, 0.000576
2.919918e-06, 0.001143
2.919968e-06, 0.001184
2.920018e-06, 0.000755
2.920068e-06, 0.000949
2.920118e-06, 0.000728
2.920168e-06, -0.000088
2.920218e-06, 0.000258
2.920268e-06, 0.000576
2.920318e-06, -0.000766
2.920368e-06, -0.001236
2.920418e-06, 0.000313
2.920468e-06, 0.000935
2.920518e-06, 0.000188
2.920568e-06, 0.000534
2.920618e-06, 0.001419
2.920668e-06, 0.000894
2.920718e-06, -0.000116
2.920768e-06, -0.000254
2.920818e-06, -0.000254
2.920868e-06, -0.000614
2.920918e-06, -0.000669
2.920968e-06, -0.000296
2.921018e-06, 0.000161
2.921068e-06, 0.000258
2.921118e-06, -0.000448
2.921168e-06, -0.001153
2.921218e-06, -0.000876
2.921268e-06, -0.000627
2.921318e-06, -0.001180
2.921368e-06, -0.001180
2.921418e-06, -0.000268
2.921468e-06, 0.000147
2.921518e-06, -0.000309
2.921568e-06, -0.000766
2.921618e-06, -0.000586
2.921668e-06, 0.000064
2.921718e-06, 0.000631
2.921768e-06, 0.000825
2.921818e-06, 0.000465
2.921868e-06, -0.000254
2.921918e-06, -0.000171
2.921968e-06, 0.000548
2.922018e-06, 0.000119
2.922068e-06, -0.000572
2.922118e-06, 0.000202
2.922168e-06, 0.000520
2.922218e-06, -0.000683
2.922268e-06, -0.000862
2.922318e-06, 0.000064
2.922368e-06, -0.000143
2.922418e-06, -0.000503
2.922468e-06, 0.000216
2.922518e-06, 0.000603
2.922568e-06, 0.000313
2.922618e-06, 0.000078
2.922668e-06, -0.000157
2.922718e-06, 0.000119
2.922768e-06, 0.000520
2.922818e-06, -0.000489
2.922868e-06, -0.001485
2.922918e-06, -0.000821
2.922968e-06, -0.000669
2.923018e-06, -0.001512
2.923068e-06, -0.000918
2.923118e-06, -0.000005
2.923168e-06, -0.000766
2.923218e-06, -0.001305
2.923268e-06, -0.000489
2.923318e-06, 0.000175
2.923368e-06, -0.000074
2.923418e-06, -0.000849
2.923468e-06, -0.001167
2.923518e-06, -0.000448
2.923568e-06, -0.000157
2.923618e-06, -0.000835
2.923668e-06, -0.000503
2.923718e-06, 0.000603
2.923768e-06, 0.000548
2.923818e-06, 0.000271
2.923868e-06, 0.000866
2.923918e-06, 0.001046
2.923968e-06, 0.001267
2.924018e-06, 0.002221
2.924068e-06, 0.001917
2.924118e-06, 0.001018
2.924168e-06, 0.002027
2.924218e-06, 0.002912
2.924268e-06, 0.001792
2.924318e-06, 0.001502
2.924368e-06, 0.002871
2.924418e-06, 0.003618
2.924468e-06, 0.003701
2.924518e-06, 0.003784
2.924568e-06, 0.003535
2.924618e-06, 0.003631
2.924668e-06, 0.004489
2.924718e-06, 0.004904
2.924768e-06, 0.004516
2.924818e-06, 0.004572
2.924868e-06, 0.005692
2.924918e-06, 0.006881
2.924968e-06, 0.007503
2.925018e-06, 0.008471
2.925068e-06, 0.010518
2.925118e-06, 0.013255
2.925168e-06, 0.016076
2.925218e-06, 0.018454
2.925268e-06, 0.020847
2.925318e-06, 0.024635
2.925368e-06, 0.029032
2.925418e-06, 0.032227
2.925468e-06, 0.035310
2.925518e-06, 0.039209
2.925568e-06, 0.042279
2.925618e-06, 0.044934
2.925668e-06, 0.048612
2.925718e-06, 0.051613
2.925768e-06, 0.053493
2.925818e-06, 0.056438
2.925868e-06, 0.059591
2.925918e-06, 0.061720
2.925968e-06, 0.064555
2.926018e-06, 0.067639
2.926068e-06, 0.069602
2.926118e-06, 0.072160
2.926168e-06, 0.074760
2.926218e-06, 0.075022
2.926268e-06, 0.075479
2.926318e-06, 0.077954
2.926368e-06, 0.079074
2.926418e-06, 0.078659
2.926468e-06, 0.079655
2.926518e-06, 0.080927
2.926568e-06, 0.080982
2.926618e-06, 0.081106
2.926668e-06, 0.081411
2.926718e-06, 0.081701
2.926768e-06, 0.082171
2.926818e-06, 0.081798
2.926868e-06, 0.081176
2.926918e-06, 0.081480
2.926968e-06, 0.080940
2.927018e-06, 0.079157
2.927068e-06, 0.078382
2.927118e-06, 0.077954
2.927168e-06, 0.076336
2.927218e-06, 0.074815
2.927268e-06, 0.073806
2.927318e-06, 0.072174
2.927368e-06, 0.070335
2.927418e-06, 0.068593
2.927468e-06, 0.066601
2.927518e-06, 0.064804
2.927568e-06, 0.062937
2.927618e-06, 0.060186
2.927668e-06, 0.057669
2.927718e-06, 0.055927
2.927768e-06, 0.053548
2.927818e-06, 0.050617
2.927868e-06, 0.048308
2.927918e-06, 0.045847
2.927968e-06, 0.042348
2.928018e-06, 0.038739
2.928068e-06, 0.036071
2.928118e-06, 0.033969
2.928168e-06, 0.031203
2.928218e-06, 0.027470
2.928268e-06, 0.024428
2.928318e-06, 0.022298
2.928368e-06, 0.019381
2.928418e-06, 0.016325
2.928468e-06, 0.014362
2.928518e-06, 0.011817
2.928568e-06, 0.008720
2.928618e-06, 0.007047
2.928668e-06, 0.005042
2.928718e-06, 0.001544
2.928768e-06, -0.000614
2.928818e-06, -0.001595
2.928868e-06, -0.003683
2.928918e-06, -0.005356
2.928968e-06, -0.006532
2.929018e-06, -0.009366
2.929068e-06, -0.011537
2.929118e-06, -0.011427
2.929168e-06, -0.012394
2.929218e-06, -0.014399
2.929268e-06, -0.014704
2.929318e-06, -0.015381
2.929368e-06, -0.017552
2.929418e-06, -0.018078
2.929468e-06, -0.017829
2.929518e-06, -0.019460
2.929568e-06, -0.020553
2.929618e-06, -0.019709
2.929668e-06, -0.019834
2.929718e-06, -0.021023
2.929768e-06, -0.021272
2.929818e-06, -0.021023
2.929868e-06, -0.021037
2.929918e-06, -0.021244
2.929968e-06, -0.021659
2.930018e-06, -0.021479
2.930068e-06, -0.020719
2.930118e-06, -0.020608
2.930168e-06, -0.020705
2.930218e-06, -0.020359
2.930268e-06, -0.020359
2.930318e-06, -0.020401
2.930368e-06, -0.020055
2.930418e-06, -0.020235
2.930468e-06, -0.020179
2.930518e-06, -0.018810
2.930568e-06, -0.017981
2.930618e-06, -0.018050
2.930668e-06, -0.016944
2.930718e-06, -0.015533
2.930768e-06, -0.015284
2.930818e-06, -0.014303
2.930868e-06, -0.012353
2.930918e-06, -0.011883
2.930968e-06, -0.012187
2.931018e-06, -0.011150
2.931068e-06, -0.010251
2.931118e-06, -0.010334
2.931168e-06, -0.008951
2.931218e-06, -0.006366
2.931268e-06, -0.005826
2.931318e-06, -0.006366
2.931368e-06, -0.004900
2.931418e-06, -0.003573
2.931468e-06, -0.004361
2.931518e-06, -0.003683
2.931568e-06, -0.001194
2.931618e-06, -0.001028
2.931668e-06, -0.001457
2.931718e-06, 0.000493
2.931768e-06, 0.001143
2.931818e-06, -0.000157
2.931868e-06, 0.000990
2.931918e-06, 0.003065
2.931968e-06, 0.002912
2.932018e-06, 0.003009
2.932068e-06, 0.003936
2.932118e-06, 0.003756
2.932168e-06, 0.004102
2.932218e-06, 0.005318
2.932268e-06, 0.005125
2.932318e-06, 0.004987
2.932368e-06, 0.006286
2.932418e-06, 0.006521
2.932468e-06, 0.005664
2.932518e-06, 0.005968
2.932568e-06, 0.006521
2.932618e-06, 0.006411
2.932668e-06, 0.006922
2.932718e-06, 0.007669
2.932768e-06, 0.007600
2.932818e-06, 0.007503
2.932868e-06, 0.007849
2.932918e-06, 0.008042
2.932968e-06, 0.008195
2.933018e-06, 0.008665
2.933068e-06, 0.008872
2.933118e-06, 0.008208
2.933168e-06, 0.007531
2.933218e-06, 0.007959
2.933268e-06, 0.008678
2.933318e-06, 0.008347
2.933368e-06, 0.007932
2.933418e-06, 0.008402
2.933468e-06, 0.008430
2.933518e-06, 0.007545
2.933568e-06, 0.007420
2.933618e-06, 0.008015
2.933668e-06, 0.007766
2.933718e-06, 0.007074
2.933768e-06, 0.006867
2.933818e-06, 0.006632
2.933868e-06, 0.006411
2.933918e-06, 0.006591
2.933968e-06, 0.006231
2.934018e-06, 0.005457
2.934068e-06, 0.005609
2.934118e-06, 0.005816
2.934168e-06, 0.005457
2.934218e-06, 0.005401
2.934268e-06, 0.004655
2.934318e-06, 0.003065
2.934368e-06, 0.003410
2.934418e-06, 0.004765
2.934468e-06, 0.003880
2.934518e-06, 0.002567
2.934568e-06, 0.003065
2.934618e-06, 0.002982
2.934668e-06, 0.001696
2.934718e-06, 0.001295
2.934768e-06, 0.001461
2.934818e-06, 0.001115
2.934868e-06, 0.000963
2.934918e-06, 0.001198
2.934968e-06, 0.001060
2.935018e-06, 0.000424
2.935068e-06, -0.000130
2.935118e-06, 0.000036
2.935168e-06, 0.000285
2.935218e-06, -0.000448
2.935268e-06, -0.001111
2.935318e-06, -0.000614
2.935368e-06, -0.000254
2.935418e-06, -0.000475
2.935468e-06, 0.000064
2.935518e-06, 0.000645
2.935568e-06, -0.000365
2.935618e-06, -0.001457
2.935668e-06, -0.001167
2.935718e-06, -0.001084
2.935768e-06, -0.001416
2.935818e-06, -0.000517
2.935868e-06, 0.000119
2.935918e-06, -0.001153
2.935968e-06, -0.001761
2.936018e-06, -0.000904
2.936068e-06, -0.001042
2.936118e-06, -0.001305
2.936168e-06, -0.000517
2.936218e-06, -0.000959
2.936268e-06, -0.001982
2.936318e-06, -0.001208
2.936368e-06, -0.000959
2.936418e-06, -0.002107
2.936468e-06, -0.001803
2.936518e-06, -0.000959
2.936568e-06, -0.001236
2.936618e-06, -0.000904
2.936668e-06, -0.000600
2.936718e-06, -0.001388
2.936768e-06, -0.001139
2.936818e-06, -0.000199
2.936868e-06, -0.000697
2.936918e-06, -0.001167
2.936968e-06, -0.000766
2.937018e-06, -0.000987
2.937068e-06, -0.001056
2.937118e-06, -0.000697
2.937168e-06, -0.001443
2.937218e-06, -0.001872
2.937268e-06, -0.000890
2.937318e-06, -0.000904
2.937368e-06, -0.001540
2.937418e-06, -0.001056
2.937468e-06, -0.001180
2.937518e-06, -0.001747
2.937568e-06, -0.000973
2.937618e-06, -0.000959
2.937668e-06, -0.002010
2.937718e-06, -0.001402
2.937768e-06, -0.000697
2.937818e-06, -0.001167
2.937868e-06, -0.000351
2.937918e-06, 0.000479
2.937968e-06, -0.000489
2.938018e-06, -0.000296
2.938068e-06, 0.000783
2.938118e-06, 0.000092
2.938168e-06, 0.000133
2.938218e-06, 0.001295
2.938268e-06, 0.000161
2.938318e-06, -0.000890
2.938368e-06, 0.000825
2.938418e-06, 0.001129
2.938468e-06, -0.000434
2.938518e-06, 0.000202
2.938568e-06, 0.001502
2.938618e-06, 0.001212
2.938668e-06, 0.001488
2.938718e-06, 0.001917
2.938768e-06, 0.001267
2.938818e-06, 0.001516
2.938868e-06, 0.002456
2.938918e-06, 0.002193
2.938968e-06, 0.001765
2.939018e-06, 0.001723
2.939068e-06, 0.001682
2.939118e-06, 0.002124
2.939168e-06, 0.001958
2.939218e-06, 0.001143
2.939268e-06, 0.001709
2.939318e-06, 0.002387
2.939368e-06, 0.001613
2.939418e-06, 0.001765
2.939468e-06, 0.002594
2.939518e-06, 0.001585
2.939568e-06, 0.000589
2.939618e-06, 0.001405
2.939668e-06, 0.001958
2.939718e-06, 0.001682
2.939768e-06, 0.001848
2.939818e-06, 0.002124
2.939868e-06, 0.002221
2.939918e-06, 0.002359
2.939968e-06, 0.001806
2.940018e-06, 0.000797
2.940068e-06, 0.001032
2.940118e-06, 0.002124
2.940168e-06, 0.002124
2.940218e-06, 0.001544
2.940268e-06, 0.001820
2.940318e-06, 0.002193
2.940368e-06, 0.001903
2.940418e-06, 0.001668
2.940468e-06, 0.001834
2.940518e-06, 0.001931
2.940568e-06, 0.001737
2.940618e-06, 0.001378
2.940668e-06, 0.001295
2.940718e-06, 0.001626
2.940768e-06, 0.001889
2.940818e-06, 0.002110
2.940868e-06, 0.002857
2.940918e-06, 0.004046
2.940968e-06, 0.005318
2.941018e-06, 0.007074
2.941068e-06, 0.009646
2.941118e-06, 0.012675
2.941168e-06, 0.015136
2.941218e-06, 0.016740
2.941268e-06, 0.018634
2.941318e-06, 0.021248
2.941368e-06, 0.022672
2.941418e-06, 0.022271
2.941468e-06, 0.022368
2.941518e-06, 0.023156
2.941568e-06, 0.022340
2.941618e-06, 0.021441
2.941668e-06, 0.022782
2.941718e-06, 0.023667
2.941768e-06, 0.022921
2.941818e-06, 0.023861
2.941868e-06, 0.026004
2.941918e-06, 0.026018
2.941968e-06, 0.025451
2.942018e-06, 0.026557
2.942068e-06, 0.027332
2.942118e-06, 0.026543
2.942168e-06, 0.025838
2.942218e-06, 0.025741
2.942268e-06, 0.025299
2.942318e-06, 0.024428
2.942368e-06, 0.023626
2.942418e-06, 0.023017
2.942468e-06, 0.022326
2.942518e-06, 0.021732
2.942568e-06, 0.021552
2.942618e-06, 0.020943
2.942668e-06, 0.019782
2.942718e-06, 0.019588
2.942768e-06, 0.019879
2.942818e-06, 0.018717
2.942868e-06, 0.017224
2.942918e-06, 0.016519
2.942968e-06, 0.014970
2.943018e-06, 0.013477
2.943068e-06, 0.013961
2.943118e-06, 0.013587
2.943168e-06, 0.010946
2.943218e-06, 0.009660
2.943268e-06, 0.010075
2.943318e-06, 0.009232
2.943368e-06, 0.007738
2.943418e-06, 0.007005
2.943468e-06, 0.005885
2.943518e-06, 0.004447
2.943568e-06, 0.003479
2.943618e-06, 0.002622
2.943668e-06, 0.002207
2.943718e-06, 0.001820
2.943768e-06, 0.000023
2.943818e-06, -0.001305
2.943868e-06, -0.000434
2.943918e-06, -0.000503
2.943968e-06, -0.002466
2.944018e-06, -0.002688
2.944068e-06, -0.001886
2.944118e-06, -0.003213
2.944168e-06, -0.004637
2.944218e-06, -0.004471
2.944268e-06, -0.004859
2.944318e-06, -0.005633
2.944368e-06, -0.005425
2.944418e-06, -0.005177
2.944468e-06, -0.005260
2.944518e-06, -0.005177
2.944568e-06, -0.005343
2.944618e-06, -0.005495
2.944668e-06, -0.005204
2.944718e-06, -0.005204
2.944768e-06, -0.005578
2.944818e-06, -0.005647
2.944868e-06, -0.005661
2.944918e-06, -0.005854
2.944968e-06, -0.005647
2.945018e-06, -0.005121
2.945068e-06, -0.004803
2.945118e-06, -0.004596
2.945168e-06, -0.004292
2.945218e-06, -0.004070
2.945268e-06, -0.004098
2.945318e-06, -0.004305
2.945368e-06, -0.004554
2.945418e-06, -0.004610
2.945468e-06, -0.004554
2.945518e-06, -0.004541
2.945568e-06, -0.004236
2.945618e-06, -0.003863
2.945668e-06, -0.004001
2.945718e-06, -0.003517
2.945768e-06, -0.001872
2.945818e-06, -0.001180
2.945868e-06, -0.001789
2.945918e-06, -0.001554
2.945968e-06, -0.000752
2.946018e-06, -0.000641
2.946068e-06, -0.000019
2.946118e-06, 0.000783
2.946168e-06, 0.000023
2.946218e-06, -0.000337
2.946268e-06, 0.001391
2.946318e-06, 0.002304
2.946368e-06, 0.001129
2.946418e-06, 0.000603
2.946468e-06, 0.001696
2.946518e-06, 0.002581
2.946568e-06, 0.002290
2.946618e-06, 0.001834
2.946668e-06, 0.002442
2.946718e-06, 0.003244
2.946768e-06, 0.003023
2.946818e-06, 0.002899
2.946868e-06, 0.003645
2.946918e-06, 0.004198
2.946968e-06, 0.004157
2.947018e-06, 0.003880
2.947068e-06, 0.003562
2.947118e-06, 0.003991
2.947168e-06, 0.004973
2.947218e-06, 0.004586
2.947268e-06, 0.003272
2.947318e-06, 0.003549
2.947368e-06, 0.004461
2.947418e-06, 0.003825
2.947468e-06, 0.003493
2.947518e-06, 0.004503
2.947568e-06, 0.004102
2.947618e-06, 0.002982
2.947668e-06, 0.003728
2.947718e-06, 0.003991
2.947768e-06, 0.002774
2.947818e-06, 0.003078
2.947868e-06, 0.003728
2.947918e-06, 0.002470
2.947968e-06, 0.002138
2.948018e-06, 0.003355
2.948068e-06, 0.002982
2.948118e-06, 0.001806
2.948168e-06, 0.001848
2.948218e-06, 0.001806
2.948268e-06, 0.001474
2.948318e-06, 0.002000
2.948368e-06, 0.002304
2.948418e-06, 0.001640
2.948468e-06, 0.001018
2.948518e-06, 0.000880
2.948568e-06, 0.001226
2.948618e-06, 0.001599
2.948668e-06, 0.001032
2.948718e-06, 0.000506
2.948768e-06, 0.001032
2.948818e-06, 0.000949
2.948868e-06, 0.000230
2.948918e-06, 0.000894
2.948968e-06, 0.001640
2.949018e-06, 0.001032
2.949068e-06, 0.000990
2.949118e-06, 0.001557
2.949168e-06, 0.001087
2.949218e-06, 0.000451
2.949268e-06, 0.000396
2.949318e-06, 0.000341
2.949368e-06, 0.000465
2.949418e-06, 0.000589
2.949468e-06, 0.000327
2.949518e-06, -0.000130
2.949568e-06, -0.000475
2.949618e-06, -0.000060
2.949668e-06, 0.000935
2.949718e-06, 0.000645
2.949768e-06, -0.000365
2.949818e-06, 0.000479
2.949868e-06, 0.001931
2.949918e-06, 0.001087
2.949968e-06, -0.000309
2.950018e-06, 0.000161
2.950068e-06, 0.000562
2.950118e-06, -0.000392
2.950168e-06, -0.000337
2.950218e-06, 0.000977
2.950268e-06, 0.000949
2.950318e-06, 0.000133
2.950368e-06, 0.000672
2.950418e-06, 0.001253
2.950468e-06, 0.000520
2.950518e-06, 0.000327
2.950568e-06, 0.001170
2.950618e-06, 0.001239
2.950668e-06, 0.000894
2.950718e-06, 0.001474
2.950768e-06, 0.001862
2.950818e-06, 0.001184
2.950868e-06, 0.000811
2.950918e-06, 0.001378
2.950968e-06, 0.001737
2.951018e-06, 0.001626
2.951068e-06, 0.001668
2.951118e-06, 0.001530
2.951168e-06, 0.001018
2.951218e-06, 0.001170
2.951268e-06, 0.001723
2.951318e-06, 0.001336
2.951368e-06, 0.000825
2.951418e-06, 0.001336
2.951468e-06, 0.001544
2.951518e-06, 0.000645
2.951568e-06, -0.000116
2.951618e-06, -0.000047
2.951668e-06, 0.000617
2.951718e-06, 0.001226
2.951768e-06, 0.000990
2.951818e-06, 0.000479
2.951868e-06, 0.000576
2.951918e-06, 0.000645
2.951968e-06, 0.000313
2.952018e-06, 0.000396
2.952068e-06, 0.000728
2.952118e-06, 0.000562
2.952168e-06, 0.000451
2.952218e-06, 0.000880
2.952268e-06, 0.001046
2.952318e-06, 0.000562
2.952368e-06, 0.000354
2.952418e-06, 0.000603
2.952468e-06, 0.000437
2.952518e-06, 0.000327
2.952568e-06, 0.000825
2.952618e-06, 0.000258
2.952668e-06, -0.001167
2.952718e-06, -0.000600
2.952768e-06, 0.000686
2.952818e-06, -0.000351
2.952868e-06, -0.000876
2.952918e-06, 0.001101
2.952968e-06, 0.001322
2.953018e-06, -0.000365
2.953068e-06, 0.000313
2.953118e-06, 0.001184
2.953168e-06, -0.000461
2.953218e-06, -0.000738
2.953268e-06, 0.001018
2.953318e-06, 0.000949
2.953368e-06, -0.000130
2.953418e-06, -0.000199
2.953468e-06, -0.000199
2.953518e-06, 0.000050
2.953568e-06, 0.000465
2.953618e-06, -0.000102
2.953668e-06, -0.000116
2.953718e-06, 0.000852
2.953768e-06, 0.000659
2.953818e-06, 0.000368
2.953868e-06, 0.001129
2.953918e-06, 0.000244
2.953968e-06, -0.001250
2.954018e-06, 0.000009
2.954068e-06, 0.001281
2.954118e-06, 0.000188
2.954168e-06, -0.000130
2.954218e-06, 0.000410
2.954268e-06, -0.000614
2.954318e-06, -0.000932
2.954368e-06, 0.000424
2.954418e-06, 0.000105
2.954468e-06, -0.000904
2.954518e-06, 0.000493
2.954568e-06, 0.001723
2.954618e-06, 0.000506
2.954668e-06, -0.000406
2.954718e-06, 0.000396
2.954768e-06, 0.000977
2.954818e-06, 0.000520
2.954868e-06, 0.000202
2.954918e-06, 0.000797
2.954968e-06, 0.001308
2.955018e-06, 0.000797
2.955068e-06, 0.000866
2.955118e-06, 0.001945
2.955168e-06, 0.001723
2.955218e-06, 0.000825
2.955268e-06, 0.001682
2.955318e-06, 0.002650
2.955368e-06, 0.002263
2.955418e-06, 0.002539
2.955468e-06, 0.003507
2.955518e-06, 0.003673
2.955568e-06, 0.003687
2.955618e-06, 0.003631
2.955668e-06, 0.003355
2.955718e-06, 0.004143
2.955768e-06, 0.004890
2.955818e-06, 0.003880
2.955868e-06, 0.003687
2.955918e-06, 0.005277
2.955968e-06, 0.005415
2.956018e-06, 0.004682
2.956068e-06, 0.005996
2.956118e-06, 0.007655
2.956168e-06, 0.008042
2.956218e-06, 0.008927
2.956268e-06, 0.010614
2.956318e-06, 0.012605
2.956368e-06, 0.015440
2.956418e-06, 0.018178
2.956468e-06, 0.020860
2.956518e-06, 0.024995
2.956568e-06, 0.028963
2.956618e-06, 0.031079
2.956668e-06, 0.033927
2.956718e-06, 0.038394
2.956768e-06, 0.041892
2.956818e-06, 0.044201
2.956868e-06, 0.046787
2.956918e-06, 0.049677
2.956968e-06, 0.052760
2.957018e-06, 0.055747
2.957068e-06, 0.057918
2.957118e-06, 0.059937
2.957168e-06, 0.062592
2.957218e-06, 0.065108
2.957268e-06, 0.067210
2.957318e-06, 0.069616
2.957368e-06, 0.071925
2.957418e-06, 0.073349
2.957468e-06, 0.074428
2.957518e-06, 0.075838
2.957568e-06, 0.076944
2.957618e-06, 0.077359
2.957668e-06, 0.077898
2.957718e-06, 0.078617
2.957768e-06, 0.078880
2.957818e-06, 0.079336
2.957868e-06, 0.080277
2.957918e-06, 0.080346
2.957968e-06, 0.080000
2.958018e-06, 0.080512
2.958068e-06, 0.080374
2.958118e-06, 0.079295
2.958168e-06, 0.079751
2.958218e-06, 0.080332
2.958268e-06, 0.078120
2.958318e-06, 0.075921
2.958368e-06, 0.076294
2.958418e-06, 0.076225
2.958468e-06, 0.074414
2.958518e-06, 0.073252
2.958568e-06, 0.072520
2.958618e-06, 0.070473
2.958668e-06, 0.068233
2.958718e-06, 0.067030
2.958768e-06, 0.065744
2.958818e-06, 0.063352
2.958868e-06, 0.060642
2.958918e-06, 0.058554
2.958968e-06, 0.056715
2.959018e-06, 0.054115
2.959068e-06, 0.050838
2.959118e-06, 0.047893
2.959168e-06, 0.045321
2.959218e-06, 0.042583
2.959268e-06, 0.040053
2.959318e-06, 0.037951
2.959368e-06, 0.035227
2.959418e-06, 0.031991
2.959468e-06, 0.029544
2.959518e-06, 0.026917
2.959568e-06, 0.022907
2.959618e-06, 0.019934
2.959668e-06, 0.018620
2.959718e-06, 0.015260
2.959768e-06, 0.010587
2.959818e-06, 0.008969
2.959868e-06, 0.008264
2.959918e-06, 0.004917
2.959968e-06, 0.002069
2.960018e-06, 0.001336
2.960068e-06, -0.000641
2.960118e-06, -0.003476
2.960168e-06, -0.004541
2.960218e-06, -0.005757
2.960268e-06, -0.008606
2.960318e-06, -0.010694
2.960368e-06, -0.011468
2.960418e-06, -0.012823
2.960468e-06, -0.014330
2.960518e-06, -0.014773
2.960568e-06, -0.015519
2.960618e-06, -0.017262
2.960668e-06, -0.018326
2.960718e-06, -0.018893
2.960768e-06, -0.020165
2.960818e-06, -0.020774
2.960868e-06, -0.020442
2.960918e-06, -0.021327
2.960968e-06, -0.022668
2.961018e-06, -0.022240
2.961068e-06, -0.021507
2.961118e-06, -0.022005
2.961168e-06, -0.022267
2.961218e-06, -0.021852
2.961268e-06, -0.021742
2.961318e-06, -0.021659
2.961368e-06, -0.021521
2.961418e-06, -0.021977
2.961468e-06, -0.022253
2.961518e-06, -0.021714
2.961568e-06, -0.021230
2.961618e-06, -0.021064
2.961668e-06, -0.020691
2.961718e-06, -0.020124
2.961768e-06, -0.019225
2.961818e-06, -0.018423
2.961868e-06, -0.018382
2.961918e-06, -0.017967
2.961968e-06, -0.016363
2.962018e-06, -0.015146
2.962068e-06, -0.015077
2.962118e-06, -0.014870
2.962168e-06, -0.014151
2.962218e-06, -0.013307
2.962268e-06, -0.012242
2.962318e-06, -0.011274
2.962368e-06, -0.010735
2.962418e-06, -0.009809
2.962468e-06, -0.008302
2.962518e-06, -0.007375
2.962568e-06, -0.007043
2.962618e-06, -0.006172
2.962668e-06, -0.005246
2.962718e-06, -0.004914
2.962768e-06, -0.004181
2.962818e-06, -0.002964
2.962868e-06, -0.002148
2.962918e-06, -0.001692
2.962968e-06, -0.001402
2.963018e-06, -0.001042
2.963068e-06, -0.000171
2.963118e-06, 0.000327
2.963168e-06, 0.000313
2.963218e-06, 0.001226
2.963268e-06, 0.002000
2.963318e-06, 0.001461
2.963368e-06, 0.001972
2.963418e-06, 0.003659
2.963468e-06, 0.003562
2.963518e-06, 0.002954
2.963568e-06, 0.004226
2.963618e-06, 0.005083
2.963668e-06, 0.004793
2.963718e-06, 0.005789
2.963768e-06, 0.006992
2.963818e-06, 0.006300
2.963868e-06, 0.005885
2.963918e-06, 0.006867
2.963968e-06, 0.006978
2.964018e-06, 0.006563
2.964068e-06, 0.007572
2.964118e-06, 0.008430
2.964168e-06, 0.007794
2.964218e-06, 0.007337
2.964268e-06, 0.007406
2.964318e-06, 0.007365
2.964368e-06, 0.007918
2.964418e-06, 0.008416
2.964468e-06, 0.007821
2.964518e-06, 0.007489
2.964568e-06, 0.007987
2.964618e-06, 0.008098
2.964668e-06, 0.007849
2.964718e-06, 0.007711
2.964768e-06, 0.007448
2.964818e-06, 0.007406
2.964868e-06, 0.007572
2.964918e-06, 0.007406
2.964968e-06, 0.007448
2.965018e-06, 0.007614
2.965068e-06, 0.006978
2.965118e-06, 0.006438
2.965168e-06, 0.006660
2.965218e-06, 0.006190
2.965268e-06, 0.005028
2.965318e-06, 0.004890
2.965368e-06, 0.005125
2.965418e-06, 0.004378
2.965468e-06, 0.003894
2.965518e-06, 0.004350
2.965568e-06, 0.004171
2.965618e-06, 0.003479
2.965668e-06, 0.003894
2.965718e-06, 0.004337
2.965768e-06, 0.003576
2.965818e-06, 0.003009
2.965868e-06, 0.003092
2.965918e-06, 0.002318
2.965968e-06, 0.001295
2.966018e-06, 0.001530
2.966068e-06, 0.001737
2.966118e-06, 0.000783
2.966168e-06, 0.000465
2.966218e-06, 0.001378
2.966268e-06, 0.001599
2.966318e-06, 0.001046
2.966368e-06, 0.000907
2.966418e-06, 0.000631
2.966468e-06, 0.000410
2.966518e-06, 0.001239
2.966568e-06, 0.001461
2.966618e-06, 0.000105
2.966668e-06, -0.000282
2.966718e-06, 0.000354
2.966768e-06, -0.000475
2.966818e-06, -0.001222
2.966868e-06, -0.000351
2.966918e-06, -0.000517
2.966968e-06, -0.001346
2.967018e-06, -0.000434
2.967068e-06, -0.000185
2.967118e-06, -0.001526
2.967168e-06, -0.000945
2.967218e-06, 0.000479
2.967268e-06, -0.000268
2.967318e-06, -0.000738
2.967368e-06, 0.000161
2.967418e-06, -0.000378
2.967468e-06, -0.001429
2.967518e-06, -0.001042
2.967568e-06, -0.000697
2.967618e-06, -0.000489
2.967668e-06, 0.000410
2.967718e-06, 0.000368
2.967768e-06, -0.000378
2.967818e-06, -0.000143
2.967868e-06, 0.000023
2.967918e-06, -0.000365
2.967968e-06, -0.000157
2.968018e-06, -0.000226
2.968068e-06, -0.000890
2.968118e-06, -0.000738
2.968168e-06, -0.000296
2.968218e-06, -0.000323
2.968268e-06, 0.000009
2.968318e-06, 0.000009
2.968368e-06, -0.000973
2.968418e-06, -0.001153
2.968468e-06, -0.000600
2.968518e-06, -0.000932
2.968568e-06, -0.000862
2.968618e-06, 0.000299
2.968668e-06, 0.000202
2.968718e-06, -0.001139
2.968768e-06, -0.001540
2.968818e-06, -0.001388
2.968868e-06, -0.001471
2.968918e-06, -0.000904
2.968968e-06, -0.000130
2.969018e-06, 0.000023
2.969068e-06, 0.000092
2.969118e-06, -0.000116
2.969168e-06, -0.000779
2.969218e-06, -0.000475
2.969268e-06, 0.000589
2.969318e-06, 0.000617
2.969368e-06, 0.000133
2.969418e-06, 0.000410
2.969468e-06, 0.000797
2.969518e-06, 0.000631
2.969568e-06, 0.000258
2.969618e-06, 0.000493
2.969668e-06, 0.001474
2.969718e-06, 0.001640
2.969768e-06, 0.001004
2.969818e-06, 0.001640
2.969868e-06, 0.002387
2.969918e-06, 0.001571
2.969968e-06, 0.001848
2.970018e-06, 0.003120
2.970068e-06, 0.001765
2.970118e-06, 0.000230
2.970168e-06, 0.001571
2.970218e-06, 0.002110
2.970268e-06, 0.001156
2.970318e-06, 0.002041
2.970368e-06, 0.002567
2.970418e-06, 0.001032
2.970468e-06, 0.001433
2.970518e-06, 0.003258
2.970568e-06, 0.002816
2.970618e-06, 0.002346
2.970668e-06, 0.003521
2.970718e-06, 0.003410
2.970768e-06, 0.002843
2.970818e-06, 0.003631
2.970868e-06, 0.003217
2.970918e-06, 0.002055
2.970968e-06, 0.002982
2.971018e-06, 0.003618
2.971068e-06, 0.002719
2.971118e-06, 0.002940
2.971168e-06, 0.003217
2.971218e-06, 0.002387
2.971268e-06, 0.002843
2.971318e-06, 0.003327
2.971368e-06, 0.002276
2.971418e-06, 0.002636
2.971468e-06, 0.003797
2.971518e-06, 0.002968
2.971568e-06, 0.002276
2.971618e-06, 0.002498
2.971668e-06, 0.002110
2.971718e-06, 0.002664
2.971768e-06, 0.003687
2.971818e-06, 0.003092
2.971868e-06, 0.003203
2.971918e-06, 0.004268
2.971968e-06, 0.003521
2.972018e-06, 0.003355
2.972068e-06, 0.005222
2.972118e-06, 0.005415
2.972168e-06, 0.005152
2.972218e-06, 0.007807
2.972268e-06, 0.010061
2.972318e-06, 0.010932
2.972368e-06, 0.014624
2.972418e-06, 0.019298
2.972468e-06, 0.020473
2.972518e-06, 0.020722
2.972568e-06, 0.022534
2.972618e-06, 0.023667
2.972668e-06, 0.023861
2.972718e-06, 0.023916
2.972768e-06, 0.022893
2.972818e-06, 0.022326
2.972868e-06, 0.023488
2.972918e-06, 0.023543
2.972968e-06, 0.022520
2.973018e-06, 0.023543
2.973068e-06, 0.024967
2.973118e-06, 0.024870
2.973168e-06, 0.025714
2.973218e-06, 0.027083
2.973268e-06, 0.026488
2.973318e-06, 0.025880
2.973368e-06, 0.026295
2.973418e-06, 0.025617
2.973468e-06, 0.024552
2.973518e-06, 0.024248
2.973568e-06, 0.023557
2.973618e-06, 0.022852
2.973668e-06, 0.022672
2.973718e-06, 0.022174
2.973768e-06, 0.022036
2.973818e-06, 0.022243
2.973868e-06, 0.021344
2.973918e-06, 0.020363
2.973968e-06, 0.020100
2.974018e-06, 0.019339
2.974068e-06, 0.018385
2.974118e-06, 0.017500
2.974168e-06, 0.015578
2.974218e-06, 0.013933
2.974268e-06, 0.013808
2.974318e-06, 0.012937
2.974368e-06, 0.010766
2.974418e-06, 0.009743
2.974468e-06, 0.009826
2.974518e-06, 0.009204
2.974568e-06, 0.008360
2.974618e-06, 0.007959
2.974668e-06, 0.006950
2.974718e-06, 0.005443
2.974768e-06, 0.004669
2.974818e-06, 0.004102
2.974868e-06, 0.002719
2.974918e-06, 0.001516
2.974968e-06, 0.001322
2.975018e-06, 0.000880
2.975068e-06, -0.000268
2.975118e-06, -0.000627
2.975168e-06, -0.000296
2.975218e-06, -0.001180
2.975268e-06, -0.002826
2.975318e-06, -0.003172
2.975368e-06, -0.002536
2.975418e-06, -0.002715
2.975468e-06, -0.003835
2.975518e-06, -0.004914
2.975568e-06, -0.005591
2.975618e-06, -0.005591
2.975668e-06, -0.004748
2.975718e-06, -0.004195
2.975768e-06, -0.004831
2.975818e-06, -0.005190
2.975868e-06, -0.004375
2.975918e-06, -0.004250
2.975968e-06, -0.005190
2.976018e-06, -0.005329
2.976068e-06, -0.004734
2.976118e-06, -0.004375
2.976168e-06, -0.004209
2.976218e-06, -0.004637
2.976268e-06, -0.004969
2.976318e-06, -0.004043
2.976368e-06, -0.003711
2.976418e-06, -0.004637
2.976468e-06, -0.004195
2.976518e-06, -0.003213
2.976568e-06, -0.003835
2.976618e-06, -0.003863
2.976668e-06, -0.002674
2.976718e-06, -0.002923
2.976768e-06, -0.003835
2.976818e-06, -0.003628
2.976868e-06, -0.003268
2.976918e-06, -0.002743
2.976968e-06, -0.001526
2.977018e-06, -0.000904
2.977068e-06, -0.001070
2.977118e-06, -0.001180
2.977168e-06, -0.001236
2.977218e-06, -0.000503
2.977268e-06, 0.000769
2.977318e-06, 0.000493
2.977368e-06, -0.000254
2.977418e-06, 0.000921
2.977468e-06, 0.001875
2.977518e-06, 0.000963
2.977568e-06, 0.000769
2.977618e-06, 0.001474
2.977668e-06, 0.001018
2.977718e-06, 0.000935
2.977768e-06, 0.002249
2.977818e-06, 0.002650
2.977868e-06, 0.002138
2.977918e-06, 0.002484
2.977968e-06, 0.003065
2.978018e-06, 0.003272
2.978068e-06, 0.003576
2.978118e-06, 0.003880
2.978168e-06, 0.004157
2.978218e-06, 0.004433
2.978268e-06, 0.004406
2.978318e-06, 0.004489
2.978368e-06, 0.004655
2.978418e-06, 0.004240
2.978468e-06, 0.004102
2.978518e-06, 0.004682
2.978568e-06, 0.004295
2.978618e-06, 0.002982
2.978668e-06, 0.002691
2.978718e-06, 0.003217
2.978768e-06, 0.003023
2.978818e-06, 0.002622
2.978868e-06, 0.003009
2.978918e-06, 0.003452
2.978968e-06, 0.003355
2.979018e-06, 0.003355
2.979068e-06, 0.003438
2.979118e-06, 0.003189
2.979168e-06, 0.003424
2.979218e-06, 0.004198
2.979268e-06, 0.004115
2.979318e-06, 0.003604
2.979368e-06, 0.003631
2.979418e-06, 0.003092
2.979468e-06, 0.002539
2.979518e-06, 0.003203
2.979568e-06, 0.002843
2.979618e-06, 0.001530
2.979668e-06, 0.002470
2.979718e-06, 0.003701
2.979768e-06, 0.002456
2.979818e-06, 0.001820
2.979868e-06, 0.002525
2.979918e-06, 0.002055
2.979968e-06, 0.001737
2.980018e-06, 0.001972
2.980068e-06, 0.000866
2.980118e-06, 0.000603
2.980168e-06, 0.002014
2.980218e-06, 0.001488
2.980268e-06, 0.000244
2.980318e-06, 0.000811
2.980368e-06, 0.000368
2.980418e-06, -0.000862
2.980468e-06, 0.000327
2.980518e-06, 0.001101
2.980568e-06, -0.000337
2.980618e-06, -0.000420
2.980668e-06, 0.000133
2.980718e-06, -0.000821
2.980768e-06, -0.000503
2.980818e-06, 0.000617
2.980868e-06, -0.000544
2.980918e-06, -0.001125
2.980968e-06, 0.000216
2.981018e-06, -0.000378
2.981068e-06, -0.001416
2.981118e-06, 0.000631
2.981168e-06, 0.001585
2.981218e-06, -0.000862
2.981268e-06, -0.001581
2.981318e-06, -0.000171
2.981368e-06, -0.000600
2.981418e-06, -0.001084
2.981468e-06, -0.000088
2.981518e-06, -0.000434
2.981568e-06, -0.000752
2.981618e-06, 0.000949
2.981668e-06, 0.000852
2.981718e-06, -0.001180
2.981768e-06, -0.000614
2.981818e-06, 0.000880
2.981868e-06, 0.000271
2.981918e-06, 0.000161
2.981968e-06, 0.000963
2.982018e-06, 0.000686
2.982068e-06, 0.000949
2.982118e-06, 0.001889
2.982168e-06, 0.001322
2.982218e-06, 0.000990
2.982268e-06, 0.002055
2.982318e-06, 0.001972
2.982368e-06, 0.001156
2.982418e-06, 0.001101
2.982468e-06, 0.000672
2.982518e-06, 0.000700
2.982568e-06, 0.002027
2.982618e-06, 0.001820
2.982668e-06, 0.000437
2.982718e-06, 0.000811
2.982768e-06, 0.001087
2.982818e-06, -0.000005
2.982868e-06, -0.000047
2.982918e-06, 0.000479
2.982968e-06, 0.000216
2.983018e-06, 0.000659
2.983068e-06, 0.001073
2.983118e-06, 0.000230
2.983168e-06, 0.000313
2.983218e-06, 0.001253
2.983268e-06, 0.001004
2.983318e-06, 0.000921
2.983368e-06, 0.001474
2.983418e-06, 0.000603
2.983468e-06, -0.000309
2.983518e-06, 0.000313
2.983568e-06, 0.000133
2.983618e-06, -0.000710
2.983668e-06, 0.000299
2.983718e-06, 0.001101
2.983768e-06, -0.000060
2.983818e-06, -0.000226
2.983868e-06, 0.000659
2.983918e-06, -0.000074
2.983968e-06, -0.000766
2.984018e-06, -0.000074
2.984068e-06, -0.000517
2.984118e-06, -0.001263
2.984168e-06, -0.000143
2.984218e-06, 0.000161
2.984268e-06, -0.000835
2.984318e-06, -0.000157
2.984368e-06, 0.000188
2.984418e-06, -0.001346
2.984468e-06, -0.001098
2.984518e-06, 0.000313
2.984568e-06, -0.000268
2.984618e-06, -0.000558
2.984668e-06, 0.000271
2.984718e-06, -0.000282
2.984768e-06, -0.000779
2.984818e-06, -0.000157
2.984868e-06, -0.000835
2.984918e-06, -0.001609
2.984968e-06, -0.000199
2.985018e-06, 0.000797
2.985068e-06, -0.000268
2.985118e-06, -0.000793
2.985168e-06, 0.000064
2.985218e-06, 0.000410
2.985268e-06, -0.000309
2.985318e-06, -0.000779
2.985368e-06, -0.000268
2.985418e-06, -0.000116
2.985468e-06, -0.000945
2.985518e-06, -0.000655
2.985568e-06, 0.000700
2.985618e-06, 0.000216
2.985668e-06, -0.001111
2.985718e-06, -0.000199
2.985768e-06, 0.000921
2.985818e-06, -0.000102
2.985868e-06, -0.000503
2.985918e-06, 0.000534
2.985968e-06, 0.000410
2.986018e-06, -0.000185
2.986068e-06, 0.000161
2.986118e-06, 0.000119
2.986168e-06, 0.000188
2.986218e-06, 0.001198
2.986268e-06, 0.000990
2.986318e-06, -0.000005
2.986368e-06, 0.000520
2.986418e-06, 0.000866
2.986468e-06, 0.000451
2.986518e-06, 0.001502
2.986568e-06, 0.002180
2.986618e-06, 0.001143
2.986668e-06, 0.001820
2.986718e-06, 0.003244
2.986768e-06, 0.001986
2.986818e-06, 0.001834
2.986868e-06, 0.004516
2.986918e-06, 0.004489
2.986968e-06, 0.002581
2.987018e-06, 0.003908
2.987068e-06, 0.005028
2.987118e-06, 0.003120
2.987168e-06, 0.003065
2.987218e-06, 0.004959
2.987268e-06, 0.004751
2.987318e-06, 0.004669
2.987368e-06, 0.006231
2.987418e-06, 0.006425
2.987468e-06, 0.006397
2.987518e-06, 0.008416
2.987568e-06, 0.010600
2.987618e-06, 0.012661
2.987668e-06, 0.015717
2.987718e-06, 0.018579
2.987768e-06, 0.021566
2.987818e-06, 0.025589
2.987868e-06, 0.028479
2.987918e-06, 0.030332
2.987968e-06, 0.034121
2.988018e-06, 0.038642
2.988068e-06, 0.041256
2.988118e-06, 0.043648
2.988168e-06, 0.047215
2.988218e-06, 0.049815
2.988268e-06, 0.051253
2.988318e-06, 0.053797
2.988368e-06, 0.057365
2.988418e-06, 0.060075
2.988468e-06, 0.061790
2.988518e-06, 0.063684
2.988568e-06, 0.066145
2.988618e-06, 0.068192
2.988668e-06, 0.069284
2.988718e-06, 0.070584
2.988768e-06, 0.072423
2.988818e-06, 0.073086
2.988868e-06, 0.072934
2.988918e-06, 0.074027
2.988968e-06, 0.075589
2.989018e-06, 0.076142
2.989068e-06, 0.076668
2.989118e-06, 0.077428
2.989168e-06, 0.077497
2.989218e-06, 0.077553
2.989268e-06, 0.078023
2.989318e-06, 0.077746
2.989368e-06, 0.076695
2.989418e-06, 0.076046
2.989468e-06, 0.075700
2.989518e-06, 0.075147
2.989568e-06, 0.074525
2.989618e-06, 0.073930
2.989668e-06, 0.073266
2.989718e-06, 0.072354
2.989768e-06, 0.071206
2.989818e-06, 0.070183
2.989868e-06, 0.069284
2.989918e-06, 0.067721
2.989968e-06, 0.065537
2.990018e-06, 0.064140
2.990068e-06, 0.063781
2.990118e-06, 0.062329
2.990168e-06, 0.058927
2.990218e-06, 0.056148
2.990268e-06, 0.055069
2.990318e-06, 0.053175
2.990368e-06, 0.050050
2.990418e-06, 0.047769
2.990468e-06, 0.045542
2.990518e-06, 0.042182
2.990568e-06, 0.039361
2.990618e-06, 0.037121
2.990668e-06, 0.033969
2.990718e-06, 0.031314
2.990768e-06, 0.029834
2.990818e-06, 0.027332
2.990868e-06, 0.023902
2.990918e-06, 0.021358
2.990968e-06, 0.019256
2.991018e-06, 0.016850
2.991068e-06, 0.014265
2.991118e-06, 0.011195
2.991168e-06, 0.008319
2.991218e-06, 0.006508
2.991268e-06, 0.004917
2.991318e-06, 0.003148
2.991368e-06, 0.001516
2.991418e-06, -0.000669
2.991468e-06, -0.003061
2.991518e-06, -0.004776
2.991568e-06, -0.006670
2.991618e-06, -0.008329
2.991668e-06, -0.008979
2.991718e-06, -0.010293
2.991768e-06, -0.011828
2.991818e-06, -0.012118
2.991868e-06, -0.013404
2.991918e-06, -0.015312
2.991968e-06, -0.014980
2.992018e-06, -0.015519
2.992068e-06, -0.018548
2.992118e-06, -0.019004
2.992168e-06, -0.017635
2.992218e-06, -0.018921
2.992268e-06, -0.020013
2.992318e-06, -0.019419
2.992368e-06, -0.020359
2.992418e-06, -0.020802
2.992468e-06, -0.019267
2.992518e-06, -0.019626
2.992568e-06, -0.020885
2.992618e-06, -0.020248
2.992668e-06, -0.020539
2.992718e-06, -0.022005
2.992768e-06, -0.021839
2.992818e-06, -0.021355
2.992868e-06, -0.021147
2.992918e-06, -0.019612
2.992968e-06, -0.018810
2.993018e-06, -0.019626
2.993068e-06, -0.019045
2.993118e-06, -0.017497
2.993168e-06, -0.017289
2.993218e-06, -0.017359
2.993268e-06, -0.017054
2.993318e-06, -0.016557
2.993368e-06, -0.014883
2.993418e-06, -0.013390
2.993468e-06, -0.013597
2.993518e-06, -0.013100
2.993568e-06, -0.011164
2.993618e-06, -0.010279
2.993668e-06, -0.009906
2.993718e-06, -0.008620
2.993768e-06, -0.007624
2.993818e-06, -0.007154
2.993868e-06, -0.006476
2.993918e-06, -0.006145
2.993968e-06, -0.005702
2.994018e-06, -0.004596
2.994068e-06, -0.003725
2.994118e-06, -0.003020
2.994168e-06, -0.002245
2.994218e-06, -0.002052
2.994268e-06, -0.001471
2.994318e-06, -0.000033
2.994368e-06, 0.000451
2.994418e-06, 0.000147
2.994468e-06, 0.000686
2.994518e-06, 0.001433
2.994568e-06, 0.002097
2.994618e-06, 0.003313
2.994668e-06, 0.004060
2.994718e-06, 0.004046
2.994768e-06, 0.004185
2.994818e-06, 0.003949
2.994868e-06, 0.003645
2.994918e-06, 0.004572
2.994968e-06, 0.005346
2.995018e-06, 0.004945
2.995068e-06, 0.005540
2.995118e-06, 0.006756
2.995168e-06, 0.006190
2.995218e-06, 0.005789
2.995268e-06, 0.007282
2.995318e-06, 0.007724
2.995368e-06, 0.007033
2.995418e-06, 0.007904
2.995468e-06, 0.008692
2.995518e-06, 0.008153
2.995568e-06, 0.008748
2.995618e-06, 0.009729
2.995668e-06, 0.008983
2.995718e-06, 0.008803
2.995768e-06, 0.009729
2.995818e-06, 0.009135
2.995868e-06, 0.008277
2.995918e-06, 0.008927
2.995968e-06, 0.008955
2.996018e-06, 0.008250
2.996068e-06, 0.008817
2.996118e-06, 0.009121
2.996168e-06, 0.007987
2.996218e-06, 0.007724
2.996268e-06, 0.008540
2.996318e-06, 0.008388
2.996368e-06, 0.007475
2.996418e-06, 0.006978
2.996468e-06, 0.006812
2.996518e-06, 0.006909
2.996568e-06, 0.007047
2.996618e-06, 0.006328
2.996668e-06, 0.005415
2.996718e-06, 0.005968
2.996768e-06, 0.006839
2.996818e-06, 0.005982
2.996868e-06, 0.004572
2.996918e-06, 0.004392
2.996968e-06, 0.004558
2.997018e-06, 0.004185
2.997068e-06, 0.003963
2.997118e-06, 0.003825
2.997168e-06, 0.003327
2.997218e-06, 0.002719
2.997268e-06, 0.002249
2.997318e-06, 0.002249
2.997368e-06, 0.002636
2.997418e-06, 0.001972
2.997468e-06, 0.000617
2.997518e-06, 0.000921
2.997568e-06, 0.001737
2.997618e-06, 0.000672
2.997668e-06, -0.000199
2.997718e-06, 0.000631
2.997768e-06, 0.000783
2.997818e-06, 0.000133
2.997868e-06, 0.000410
2.997918e-06, 0.000202
2.997968e-06, -0.001028
2.998018e-06, -0.001056
2.998068e-06, -0.000434
2.998118e-06, -0.000904
2.998168e-06, -0.001443
2.998218e-06, -0.001319
2.998268e-06, -0.001360
2.998318e-06, -0.001526
2.998368e-06, -0.001678
2.998418e-06, -0.001872
2.998468e-06, -0.001581
2.998518e-06, -0.001111
2.998568e-06, -0.001319
2.998618e-06, -0.001775
2.998668e-06, -0.001706
2.998718e-06, -0.001263
2.998768e-06, -0.001015
2.998818e-06, -0.001581
2.998868e-06, -0.002439
2.998918e-06, -0.002204
2.998968e-06, -0.001623
2.999018e-06, -0.002065
2.999068e-06, -0.002190
2.999118e-06, -0.001042
2.999168e-06, -0.000669
2.999218e-06, -0.001360
2.999268e-06, -0.001070
2.999318e-06, -0.000475
2.999368e-06, -0.000876
2.999418e-06, -0.000890
2.999468e-06, -0.000226
2.999518e-06, -0.000434
2.999568e-06, -0.001180
2.999618e-06, -0.001277
2.999668e-06, -0.001028
2.999718e-06, -0.001153
2.999768e-06, -0.001747
2.999818e-06, -0.002024
2.999868e-06, -0.001319
2.999918e-06, -0.000517
2.999968e-06, -0.000392
3.000018e-06, -0.000337
3.000068e-06, -0.000254
3.000118e-06, -0.000697
3.000168e-06, -0.001125
3.000218e-06, -0.000918
3.000268e-06, -0.000337
3.000318e-06, -0.000337
3.000368e-06, -0.001001
3.000418e-06, -0.000918
3.000468e-06, 0.000147
3.000518e-06, 0.000437
3.000568e-06, -0.000102
3.000618e-06, -0.000102
3.000668e-06, -0.000005
3.000718e-06, -0.000088
3.000768e-06, 0.000368
3.000818e-06, 0.000465
3.000868e-06, -0.000199
3.000918e-06, 0.000147
3.000968e-06, 0.001212
3.001018e-06, 0.001226
3.001068e-06, 0.001073
3.001118e-06, 0.001751
3.001168e-06, 0.001571
3.001218e-06, 0.000368
3.001268e-06, 0.000465
3.001318e-06, 0.001737
3.001368e-06, 0.001723
3.001418e-06, 0.000838
3.001468e-06, 0.001239
3.001518e-06, 0.001792
3.001568e-06, 0.001073
3.001618e-06, 0.000977
3.001668e-06, 0.001889
3.001718e-06, 0.001668
3.001768e-06, 0.001226
3.001818e-06, 0.002401
3.001868e-06, 0.002968
3.001918e-06, 0.001862
3.001968e-06, 0.001599
3.002018e-06, 0.002166
3.002068e-06, 0.002014
3.002118e-06, 0.002401
3.002168e-06, 0.003313
3.002218e-06, 0.002871
3.002268e-06, 0.002249
3.002318e-06, 0.002664
3.002368e-06, 0.002332
3.002418e-06, 0.001336
3.002468e-06, 0.001751
3.002518e-06, 0.002677
3.002568e-06, 0.002733
3.002618e-06, 0.002885
3.002668e-06, 0.003161
3.002718e-06, 0.002594
3.002768e-06, 0.002180
3.002818e-06, 0.002636
3.002868e-06, 0.002525
3.002918e-06, 0.001696
3.002968e-06, 0.002055
3.003018e-06, 0.003244
3.003068e-06, 0.002968
3.003118e-06, 0.001792
3.003168e-06, 0.002027
3.003218e-06, 0.002802
3.003268e-06, 0.002470
3.003318e-06, 0.002318
3.003368e-06, 0.003410
3.003418e-06, 0.004724
3.003468e-06, 0.005982
3.003518e-06, 0.007959
3.003568e-06, 0.010642
3.003618e-06, 0.013407
3.003668e-06, 0.015730
3.003718e-06, 0.017611
3.003768e-06, 0.019671
3.003818e-06, 0.021593
3.003868e-06, 0.022257
3.003918e-06, 0.022381
3.003968e-06, 0.023017
3.004018e-06, 0.022907
3.004068e-06, 0.021759
3.004118e-06, 0.021690
3.004168e-06, 0.022395
3.004218e-06, 0.022202
3.004268e-06, 0.022755
3.004318e-06, 0.024635
3.004368e-06, 0.025368
3.004418e-06, 0.025769
3.004468e-06, 0.027221
3.004518e-06, 0.027014
3.004568e-06, 0.025672
3.004618e-06, 0.026543
3.004668e-06, 0.027027
3.004718e-06, 0.024732
3.004768e-06, 0.023197
3.004818e-06, 0.023183
3.004868e-06, 0.022312
3.004918e-06, 0.021828
3.004968e-06, 0.022257
3.005018e-06, 0.021593
3.005068e-06, 0.020833
3.005118e-06, 0.021275
3.005168e-06, 0.020957
3.005218e-06, 0.019644
3.005268e-06, 0.019215
3.005318e-06, 0.019077
3.005368e-06, 0.018053
3.005418e-06, 0.016574
3.005468e-06, 0.014832
3.005518e-06, 0.013228
3.005568e-06, 0.012536
3.005618e-06, 0.011886
3.005668e-06, 0.010642
3.005718e-06, 0.010227
3.005768e-06, 0.010476
3.005818e-06, 0.009605
3.005868e-06, 0.008540
3.005918e-06, 0.008319
3.005968e-06, 0.007296
3.006018e-06, 0.005484
3.006068e-06, 0.004586
3.006118e-06, 0.003936
3.006168e-06, 0.002719
3.006218e-06, 0.001709
3.006268e-06, 0.001018
3.006318e-06, 0.000548
3.006368e-06, 0.000078
3.006418e-06, -0.000821
3.006468e-06, -0.001374
3.006518e-06, -0.001554
3.006568e-06, -0.002494
3.006618e-06, -0.002784
3.006668e-06, -0.002093
3.006718e-06, -0.003282
3.006768e-06, -0.004942
3.006818e-06, -0.004126
3.006868e-06, -0.003780
3.006918e-06, -0.004845
3.006968e-06, -0.004015
3.007018e-06, -0.003268
3.007068e-06, -0.004969
3.007118e-06, -0.005315
3.007168e-06, -0.004057
3.007218e-06, -0.004776
3.007268e-06, -0.005854
3.007318e-06, -0.005246
3.007368e-06, -0.005107
3.007418e-06, -0.005453
3.007468e-06, -0.004817
3.007518e-06, -0.004789
3.007568e-06, -0.005979
3.007618e-06, -0.006214
3.007668e-06, -0.005232
3.007718e-06, -0.004637
3.007768e-06, -0.004319
3.007818e-06, -0.003780
3.007868e-06, -0.003683
3.007918e-06, -0.003794
3.007968e-06, -0.003421
3.008018e-06, -0.003310
3.008068e-06, -0.003503
3.008118e-06, -0.002826
3.008168e-06, -0.002038
3.008218e-06, -0.002162
3.008268e-06, -0.002024
3.008318e-06, -0.001374
3.008368e-06, -0.001333
3.008418e-06, -0.001167
3.008468e-06, -0.000365
3.008518e-06, 0.000064
3.008568e-06, 0.000009
3.008618e-06, -0.000282
3.008668e-06, -0.000586
3.008718e-06, 0.000271
3.008768e-06, 0.001613
3.008818e-06, 0.001239
3.008868e-06, 0.000479
3.008918e-06, 0.001488
3.008968e-06, 0.002373
3.009018e-06, 0.001889
3.009068e-06, 0.001862
3.009118e-06, 0.002525
3.009168e-06, 0.002912
3.009218e-06, 0.003286
3.009268e-06, 0.003120
3.009318e-06, 0.002456
3.009368e-06, 0.002788
3.009418e-06, 0.003300
3.009468e-06, 0.002899
3.009518e-06, 0.003383
3.009568e-06, 0.004516
3.009618e-06, 0.004115
3.009668e-06, 0.003701
3.009718e-06, 0.004461
3.009768e-06, 0.004129
3.009818e-06, 0.003341
3.009868e-06, 0.004392
3.009918e-06, 0.004807
3.009968e-06, 0.003078
3.010018e-06, 0.002581
3.010068e-06, 0.003756
3.010118e-06, 0.003631
3.010168e-06, 0.002733
3.010218e-06, 0.002926
3.010268e-06, 0.003258
3.010318e-06, 0.003037
3.010368e-06, 0.002940
3.010418e-06, 0.002802
3.010468e-06, 0.002940
3.010518e-06, 0.003922
3.010568e-06, 0.004185
3.010618e-06, 0.002968
3.010668e-06, 0.002553
3.010718e-06, 0.003507
3.010768e-06, 0.003618
3.010818e-06, 0.002719
3.010868e-06, 0.002221
3.010918e-06, 0.002083
3.010968e-06, 0.002110
3.011018e-06, 0.002263
3.011068e-06, 0.002000
3.011118e-06, 0.001654
3.011168e-06, 0.001391
3.011218e-06, 0.000825
3.011268e-06, 0.001143
3.011318e-06, 0.002249
3.011368e-06, 0.001626
3.011418e-06, 0.000382
3.011468e-06, 0.001156
3.011518e-06, 0.001571
3.011568e-06, 0.000341
3.011618e-06, 0.000410
3.011668e-06, 0.001087
3.011718e-06, -0.000019
3.011768e-06, -0.000724
3.011818e-06, 0.000092
3.011868e-06, 0.000175
3.011918e-06, -0.000489
3.011968e-06, -0.000807
3.012018e-06, -0.000959
3.012068e-06, -0.000157
3.012118e-06, 0.001060
3.012168e-06, 0.000548
3.012218e-06, -0.000213
3.012268e-06, 0.000631
3.012318e-06, 0.000562
3.012368e-06, -0.000779
3.012418e-06, -0.000683
3.012468e-06, -0.000171
3.012518e-06, -0.000614
3.012568e-06, 0.000161
3.012618e-06, 0.001405
3.012668e-06, 0.000672
3.012718e-06, -0.000102
3.012768e-06, 0.000424
3.012818e-06, 0.000562
3.012868e-06, 0.000686
3.012918e-06, 0.001281
3.012968e-06, 0.000852
3.013018e-06, 0.000147
3.013068e-06, 0.000493
3.013118e-06, 0.000742
3.013168e-06, 0.000659
3.013218e-06, 0.000755
3.013268e-06, 0.000506
3.013318e-06, 0.000769
3.013368e-06, 0.001945
3.013418e-06, 0.001945
3.013468e-06, 0.001032
3.013518e-06, 0.001226
3.013568e-06, 0.001488
3.013618e-06, 0.000534
3.013668e-06, -0.000088
3.013718e-06, 0.000382
3.013768e-06, 0.000755
3.013818e-06, 0.000548
3.013868e-06, 0.000119
3.013918e-06, -0.000088
3.013968e-06, 0.000050
3.014018e-06, -0.000157
3.014068e-06, -0.000918
3.014118e-06, -0.001236
3.014168e-06, -0.000890
3.014218e-06, -0.000862
3.014268e-06, -0.001001
3.014318e-06, -0.000544
3.014368e-06, -0.000282
3.014418e-06, -0.000724
3.014468e-06, -0.000835
3.014518e-06, -0.000434
3.014568e-06, -0.000282
3.014618e-06, 0.000023
3.014668e-06, 0.000728
3.014718e-06, 0.000825
3.014768e-06, 0.000147
3.014818e-06, -0.000116
3.014868e-06, 0.000161
3.014918e-06, 0.000368
3.014968e-06, 0.000603
3.015018e-06, 0.000631
3.015068e-06, -0.000033
3.015118e-06, -0.000489
3.015168e-06, -0.000005
3.015218e-06, 0.000036
3.015268e-06, -0.000973
3.015318e-06, -0.001305
3.015368e-06, -0.000254
3.015418e-06, 0.000589
3.015468e-06, 0.000479
3.015518e-06, 0.000285
3.015568e-06, 0.000341
3.015618e-06, -0.000005
3.015668e-06, -0.000793
3.015718e-06, -0.001084
3.015768e-06, -0.000351
3.015818e-06, 0.000230
3.015868e-06, -0.000226
3.015918e-06, -0.000351
3.015968e-06, 0.000382
3.016018e-06, 0.000258
3.016068e-06, -0.000365
3.016118e-06, 0.000161
3.016168e-06, 0.000258
3.016218e-06, -0.000807
3.016268e-06, -0.000600
3.016318e-06, 0.000023
3.016368e-06, -0.001098
3.016418e-06, -0.001623
3.016468e-06, -0.000600
3.016518e-06, -0.000461
3.016568e-06, -0.000406
3.016618e-06, 0.000437
3.016668e-06, -0.000392
3.016718e-06, -0.001526
3.016768e-06, -0.000226
3.016818e-06, 0.000396
3.016868e-06, -0.000835
3.016918e-06, -0.000544
3.016968e-06, 0.000175
3.017018e-06, -0.000779
3.017068e-06, -0.000697
3.017118e-06, 0.000216
3.017168e-06, -0.000600
3.017218e-06, -0.000558
3.017268e-06, 0.001129
3.017318e-06, 0.000465
3.017368e-06, -0.001056
3.017418e-06, 0.000424
3.017468e-06, 0.001613
3.017518e-06, 0.000036
3.017568e-06, -0.000697
3.017618e-06, 0.000341
3.017668e-06, 0.000963
3.017718e-06, 0.001295
3.017768e-06, 0.001267
3.017818e-06, 0.000672
3.017868e-06, 0.001267
3.017918e-06, 0.002359
3.017968e-06, 0.002000
3.018018e-06, 0.001986
3.018068e-06, 0.002926
3.018118e-06, 0.002788
3.018168e-06, 0.002968
3.018218e-06, 0.004309
3.018268e-06, 0.004060
3.018318e-06, 0.003230
3.018368e-06, 0.004157
3.018418e-06, 0.004143
3.018468e-06, 0.002926
3.018518e-06, 0.003963
3.018568e-06, 0.005553
3.018618e-06, 0.005401
3.018668e-06, 0.006369
3.018718e-06, 0.008831
3.018768e-06, 0.010089
3.018818e-06, 0.011527
3.018868e-06, 0.014500
3.018918e-06, 0.016878
3.018968e-06, 0.019008
3.019018e-06, 0.022824
3.019068e-06, 0.026986
3.019118e-06, 0.030277
3.019168e-06, 0.033554
3.019218e-06, 0.036513
3.019268e-06, 0.038878
3.019318e-06, 0.041837
3.019368e-06, 0.044934
3.019418e-06, 0.046566
3.019468e-06, 0.047561
3.019518e-06, 0.049580
3.019568e-06, 0.052456
3.019618e-06, 0.055152
3.019668e-06, 0.057392
3.019718e-06, 0.059549
3.019768e-06, 0.061886
3.019818e-06, 0.064458
3.019868e-06, 0.067127
3.019918e-06, 0.068952
3.019968e-06, 0.069989
3.020018e-06, 0.071496
3.020068e-06, 0.072589
3.020118e-06, 0.072464
3.020168e-06, 0.073474
3.020218e-06, 0.075714
3.020268e-06, 0.076364
3.020318e-06, 0.076253
3.020368e-06, 0.077221
3.020418e-06, 0.077940
3.020468e-06, 0.077815
3.020518e-06, 0.077760
3.020568e-06, 0.077926
3.020618e-06, 0.078576
3.020668e-06, 0.078548
3.020718e-06, 0.076792
3.020768e-06, 0.075893
3.020818e-06, 0.076281
3.020868e-06, 0.074870
3.020918e-06, 0.073280
3.020968e-06, 0.073750
3.021018e-06, 0.072575
3.021068e-06, 0.069616
3.021118e-06, 0.069063
3.021168e-06, 0.068579
3.021218e-06, 0.065799
3.021268e-06, 0.064666
3.021318e-06, 0.064735
3.021368e-06, 0.062191
3.021418e-06, 0.059259
3.021468e-06, 0.057282
3.021518e-06, 0.053908
3.021568e-06, 0.050838
3.021618e-06, 0.049331
3.021668e-06, 0.046441
3.021718e-06, 0.042846
3.021768e-06, 0.040647
3.021818e-06, 0.038089
3.021868e-06, 0.035379
3.021918e-06, 0.033637
3.021968e-06, 0.030664
3.022018e-06, 0.026917
3.022068e-06, 0.024884
3.022118e-06, 0.022782
3.022168e-06, 0.019602
3.022218e-06, 0.017016
3.022268e-06, 0.013864
3.022318e-06, 0.010186
3.022368e-06, 0.008540
3.022418e-06, 0.007157
3.022468e-06, 0.004157
3.022518e-06, 0.002304
3.022568e-06, 0.001461
3.022618e-06, -0.000710
3.022668e-06, -0.002591
3.022718e-06, -0.003877
3.022768e-06, -0.006476
3.022818e-06, -0.008495
3.022868e-06, -0.009007
3.022918e-06, -0.010818
3.022968e-06, -0.013100
3.023018e-06, -0.013155
3.023068e-06, -0.013086
3.023118e-06, -0.014994
3.023168e-06, -0.016529
3.023218e-06, -0.016736
3.023268e-06, -0.017483
3.023318e-06, -0.018631
3.023368e-06, -0.019032
3.023418e-06, -0.019502
3.023468e-06, -0.020345
3.023518e-06, -0.020691
3.023568e-06, -0.020926
3.023618e-06, -0.021368
3.023668e-06, -0.021410
3.023718e-06, -0.021424
3.023768e-06, -0.021908
3.023818e-06, -0.021949
3.023868e-06, -0.021728
3.023918e-06, -0.022060
3.023968e-06, -0.021935
3.024018e-06, -0.021120
3.024068e-06, -0.020981
3.024118e-06, -0.021078
3.024168e-06, -0.020580
3.024218e-06, -0.020456
3.024268e-06, -0.020304
3.024318e-06, -0.018949
3.024368e-06, -0.017718
3.024418e-06, -0.017386
3.024468e-06, -0.016543
3.024518e-06, -0.015450
3.024568e-06, -0.015188
3.024618e-06, -0.014828
3.024668e-06, -0.013763
3.024718e-06, -0.012726
3.024768e-06, -0.011855
3.024818e-06, -0.011219
3.024868e-06, -0.010873
3.024918e-06, -0.009989
3.024968e-06, -0.008592
3.025018e-06, -0.008357
3.025068e-06, -0.008592
3.025118e-06, -0.006794
3.025168e-06, -0.004527
3.025218e-06, -0.004679
3.025268e-06, -0.004872
3.025318e-06, -0.003448
3.025368e-06, -0.003351
3.025418e-06, -0.003835
3.025468e-06, -0.001969
3.025518e-06, -0.000489
3.025568e-06, -0.000945
3.025618e-06, -0.000199
3.025668e-06, 0.000880
3.025718e-06, 0.000327
3.025768e-06, 0.000894
3.025818e-06, 0.002705
3.025868e-06, 0.002636
3.025918e-06, 0.002166
3.025968e-06, 0.003521
3.026018e-06, 0.004558
3.026068e-06, 0.004295
3.026118e-06, 0.004572
3.026168e-06, 0.005374
3.026218e-06, 0.005498
3.026268e-06, 0.005512
3.026318e-06, 0.005775
3.026368e-06, 0.005415
3.026418e-06, 0.005125
3.026468e-06, 0.006148
3.026518e-06, 0.007268
3.026568e-06, 0.007310
3.026618e-06, 0.007365
3.026668e-06, 0.007641
3.026718e-06, 0.007448
3.026768e-06, 0.007835
3.026818e-06, 0.008831
3.026868e-06, 0.008457
3.026918e-06, 0.007282
3.026968e-06, 0.007572
3.027018e-06, 0.008416
3.027068e-06, 0.008195
3.027118e-06, 0.007946
3.027168e-06, 0.007821
3.027218e-06, 0.006715
3.027268e-06, 0.006411
3.027318e-06, 0.008001
3.027368e-06, 0.008637
3.027418e-06, 0.007572
3.027468e-06, 0.007005
3.027518e-06, 0.006729
3.027568e-06, 0.006549
3.027618e-06, 0.007351
3.027668e-06, 0.007420
3.027718e-06, 0.006217
3.027768e-06, 0.006355
3.027818e-06, 0.006950
3.027868e-06, 0.005415
3.027918e-06, 0.004060
3.027968e-06, 0.004959
3.028018e-06, 0.005623
3.028068e-06, 0.004821
3.028118e-06, 0.004295
3.028168e-06, 0.004226
3.028218e-06, 0.003853
3.028268e-06, 0.003562
3.028318e-06, 0.003687
3.028368e-06, 0.003549
3.028418e-06, 0.002829
3.028468e-06, 0.002387
3.028518e-06, 0.002747
3.028568e-06, 0.002899
3.028618e-06, 0.002124
3.028668e-06, 0.001267
3.028718e-06, 0.001143
3.028768e-06, 0.001461
3.028818e-06, 0.001571
3.028868e-06, 0.000935
3.028918e-06, 0.000161
3.028968e-06, 0.000631
3.029018e-06, 0.001613
3.029068e-06, 0.001295
3.029118e-06, 0.000520
3.029168e-06, 0.000451
3.029218e-06, 0.000092
3.029268e-06, -0.000337
3.029318e-06, 0.000147
3.029368e-06, 0.000188
3.029418e-06, -0.000365
3.029468e-06, 0.000175
3.029518e-06, 0.000424
3.029568e-06, -0.000544
3.029618e-06, -0.000254
3.029668e-06, 0.000368
3.029718e-06, -0.000572
3.029768e-06, -0.000171
3.029818e-06, 0.001419
3.029868e-06, 0.000589
3.029918e-06, -0.000489
3.029968e-06, 0.000230
3.030018e-06, 0.000161
3.030068e-06, -0.000005
3.030118e-06, 0.000852
3.030168e-06, 0.000258
3.030218e-06, -0.000558
3.030268e-06, 0.000341
3.030318e-06, 0.000188
3.030368e-06, -0.000641
3.030418e-06, 0.000410
3.030468e-06, 0.000880
3.030518e-06, -0.000337
3.030568e-06, -0.000365
3.030618e-06, 0.000216
3.030668e-06, -0.000226
3.030718e-06, -0.000199
3.030768e-06, 0.000078
3.030818e-06, -0.001139
3.030868e-06, -0.001872
3.030918e-06, -0.000434
3.030968e-06, 0.000341
3.031018e-06, -0.000779
3.031068e-06, -0.000959
3.031118e-06, -0.000171
3.031168e-06, -0.000517
3.031218e-06, -0.000669
3.031268e-06, 0.000354
3.031318e-06, 0.000437
3.031368e-06, 0.000064
3.031418e-06, 0.000520
3.031468e-06, 0.000036
3.031518e-06, -0.001098
3.031568e-06, -0.000669
3.031618e-06, -0.000143
3.031668e-06, -0.000655
3.031718e-06, -0.000475
3.031768e-06, 0.000188
3.031818e-06, 0.000161
3.031868e-06, 0.000119
3.031918e-06, 0.000299
3.031968e-06, 0.000562
3.032018e-06, 0.001046
3.032068e-06, 0.000866
3.032118e-06, 0.000244
3.032168e-06, 0.000921
3.032218e-06, 0.001585
3.032268e-06, 0.000589
3.032318e-06, 0.000327
3.032368e-06, 0.001350
3.032418e-06, 0.001129
3.032468e-06, 0.000700
3.032518e-06, 0.001986
3.032568e-06, 0.002650
3.032618e-06, 0.001654
3.032668e-06, 0.001585
3.032718e-06, 0.002553
3.032768e-06, 0.002788
3.032818e-06, 0.002677
3.032868e-06, 0.002747
3.032918e-06, 0.002415
3.032968e-06, 0.002318
3.033018e-06, 0.002843
3.033068e-06, 0.002857
3.033118e-06, 0.002594
3.033168e-06, 0.003092
3.033218e-06, 0.003120
3.033268e-06, 0.002110
3.033318e-06, 0.002069
3.033368e-06, 0.003037
3.033418e-06, 0.002982
3.033468e-06, 0.002166
3.033518e-06, 0.001917
3.033568e-06, 0.002318
3.033618e-06, 0.003230
3.033668e-06, 0.003839
3.033718e-06, 0.003313
3.033768e-06, 0.002829
3.033818e-06, 0.003396
3.033868e-06, 0.003784
3.033918e-06, 0.003148
3.033968e-06, 0.002373
3.034018e-06, 0.002193
3.034068e-06, 0.002567
3.034118e-06, 0.003134
3.034168e-06, 0.003286
3.034218e-06, 0.002843
3.034268e-06, 0.002691
3.034318e-06, 0.003078
3.034368e-06, 0.003313
3.034418e-06, 0.003286
3.034468e-06, 0.003396
3.034518e-06, 0.003770
3.034568e-06, 0.004696
3.034618e-06, 0.006051
3.034668e-06, 0.007130
3.034718e-06, 0.008360
3.034768e-06, 0.010365
3.034818e-06, 0.012481
3.034868e-06, 0.014776
3.034918e-06, 0.017915
3.034968e-06, 0.020625
3.035018e-06, 0.021897
3.035068e-06, 0.022686
3.035118e-06, 0.023031
3.035168e-06, 0.022865
3.035218e-06, 0.023211
3.035268e-06, 0.023377
3.035318e-06, 0.022630
3.035368e-06, 0.022492
3.035418e-06, 0.023142
3.035468e-06, 0.023280
3.035518e-06, 0.023446
3.035568e-06, 0.024193
3.035618e-06, 0.024857
3.035668e-06, 0.025645
3.035718e-06, 0.026281
3.035768e-06, 0.026018
3.035818e-06, 0.025907
3.035868e-06, 0.026419
3.035918e-06, 0.026046
3.035968e-06, 0.024787
3.036018e-06, 0.023875
3.036068e-06, 0.023377
3.036118e-06, 0.023059
3.036168e-06, 0.022589
3.036218e-06, 0.021828
3.036268e-06, 0.021621
3.036318e-06, 0.021994
3.036368e-06, 0.021635
3.036418e-06, 0.020847
3.036468e-06, 0.020418
3.036518e-06, 0.019215
3.036568e-06, 0.017459
3.036618e-06, 0.016809
3.036668e-06, 0.016187
3.036718e-06, 0.014652
3.036768e-06, 0.013560
3.036818e-06, 0.012744
3.036868e-06, 0.011679
3.036918e-06, 0.011112
3.036968e-06, 0.010172
3.037018e-06, 0.008775
3.037068e-06, 0.008596
3.037118e-06, 0.008347
3.037168e-06, 0.006839
3.037218e-06, 0.006107
3.037268e-06, 0.005595
3.037318e-06, 0.003410
3.037368e-06, 0.001945
3.037418e-06, 0.002290
3.037468e-06, 0.001696
3.037518e-06, 0.000092
3.037568e-06, -0.000710
3.037618e-06, -0.001001
3.037668e-06, -0.001153
3.037718e-06, -0.001319
3.037768e-06, -0.002259
3.037818e-06, -0.003102
3.037868e-06, -0.002701
3.037918e-06, -0.002439
3.037968e-06, -0.003351
3.038018e-06, -0.004167
3.038068e-06, -0.004596
3.038118e-06, -0.005508
3.038168e-06, -0.005564
3.038218e-06, -0.004167
3.038268e-06, -0.004084
3.038318e-06, -0.005633
3.038368e-06, -0.005591
3.038418e-06, -0.004693
3.038468e-06, -0.005287
3.038518e-06, -0.005522
3.038568e-06, -0.004817
3.038618e-06, -0.005315
3.038668e-06, -0.005619
3.038718e-06, -0.004803
3.038768e-06, -0.005343
3.038818e-06, -0.005896
3.038868e-06, -0.004527
3.038918e-06, -0.004319
3.038968e-06, -0.005495
3.039018e-06, -0.004900
3.039068e-06, -0.004167
3.039118e-06, -0.004845
3.039168e-06, -0.004485
3.039218e-06, -0.003669
3.039268e-06, -0.004195
3.039318e-06, -0.004029
3.039368e-06, -0.002867
3.039418e-06, -0.003006
3.039468e-06, -0.003545
3.039518e-06, -0.002757
3.039568e-06, -0.001817
3.039618e-06, -0.001692
3.039668e-06, -0.001623
3.039718e-06, -0.001111
3.039768e-06, -0.000254
3.039818e-06, 0.000465
3.039868e-06, 0.000686
3.039918e-06, 0.000617
3.039968e-06, 0.000603
3.040018e-06, 0.001170
3.040068e-06, 0.002235
3.040118e-06, 0.002235
3.040168e-06, 0.001433
3.040218e-06, 0.002014
3.040268e-06, 0.002954
3.040318e-06, 0.002276
3.040368e-06, 0.002069
3.040418e-06, 0.003341
3.040468e-06, 0.003438
3.040518e-06, 0.002664
3.040568e-06, 0.003313
3.040618e-06, 0.003908
3.040668e-06, 0.003148
3.040718e-06, 0.003065
3.040768e-06, 0.003742
3.040818e-06, 0.003479
3.040868e-06, 0.003452
3.040918e-06, 0.004129
3.040968e-06, 0.003535
3.041018e-06, 0.002747
3.041068e-06, 0.003590
3.041118e-06, 0.003549
3.041168e-06, 0.002166
3.041218e-06, 0.002498
3.041268e-06, 0.003258
3.041318e-06, 0.002373
3.041368e-06, 0.002180
3.041418e-06, 0.002567
3.041468e-06, 0.001613
3.041518e-06, 0.001530
3.041568e-06, 0.002456
3.041618e-06, 0.001986
3.041668e-06, 0.002110
3.041718e-06, 0.003410
3.041768e-06, 0.002760
3.041818e-06, 0.001945
3.041868e-06, 0.003078
3.041918e-06, 0.002622
3.041968e-06, 0.001115
3.042018e-06, 0.002124
3.042068e-06, 0.002719
3.042118e-06, 0.001046
3.042168e-06, 0.001170
3.042218e-06, 0.002428
3.042268e-06, 0.001585
3.042318e-06, 0.001378
3.042368e-06, 0.002816
3.042418e-06, 0.002166
3.042468e-06, 0.000797
3.042518e-06, 0.001889
3.042568e-06, 0.002664
3.042618e-06, 0.001308
3.042668e-06, 0.000935
3.042718e-06, 0.002235
3.042768e-06, 0.002885
3.042818e-06, 0.002193
3.042868e-06, 0.000811
3.042918e-06, 0.000161
3.042968e-06, 0.001073
3.043018e-06, 0.001613
3.043068e-06, 0.001004
3.043118e-06, 0.001004
3.043168e-06, 0.000894
3.043218e-06, -0.000240
3.043268e-06, -0.000116
3.043318e-06, 0.000714
3.043368e-06, -0.000351
3.043418e-06, -0.000904
3.043468e-06, 0.000949
3.043518e-06, 0.001267
3.043568e-06, -0.000669
3.043618e-06, -0.000572
3.043668e-06, 0.000825
3.043718e-06, 0.000313
3.043768e-06, 0.000092
3.043818e-06, 0.001405
3.043868e-06, 0.000921
3.043918e-06, -0.000475
3.043968e-06, 0.000258
3.044018e-06, 0.000548
3.044068e-06, -0.000627
3.044118e-06, 0.000161
3.044168e-06, 0.001419
3.044218e-06, 0.000313
3.044268e-06, -0.000088
3.044318e-06, 0.000949
3.044368e-06, 0.000465
3.044418e-06, 0.000147
3.044468e-06, 0.001322
3.044518e-06, 0.001087
3.044568e-06, 0.000493
3.044618e-06, 0.001751
3.044668e-06, 0.001889
3.044718e-06, 0.000783
3.044768e-06, 0.001654
3.044818e-06, 0.002318
3.044868e-06, 0.001212
3.044918e-06, 0.001308
3.044968e-06, 0.001682
3.045018e-06, 0.000617
3.045068e-06, 0.000742
3.045118e-06, 0.001544
3.045168e-06, 0.000617
3.045218e-06, 0.000299
3.045268e-06, 0.001281
3.045318e-06, 0.001239
3.045368e-06, 0.001004
3.045418e-06, 0.001405
3.045468e-06, 0.001308
3.045518e-06, 0.001226
3.045568e-06, 0.001281
3.045618e-06, 0.000714
3.045668e-06, 0.000742
3.045718e-06, 0.001557
3.045768e-06, 0.001544
3.045818e-06, 0.000935
3.045868e-06, 0.000686
3.045918e-06, 0.000783
3.045968e-06, 0.001129
3.046018e-06, 0.001143
3.046068e-06, 0.000382
3.046118e-06, -0.000199
3.046168e-06, 0.000313
3.046218e-06, 0.001322
3.046268e-06, 0.001101
3.046318e-06, -0.000296
3.046368e-06, -0.000323
3.046418e-06, 0.000825
3.046468e-06, 0.000451
3.046518e-06, -0.000240
3.046568e-06, 0.000617
3.046618e-06, 0.000617
3.046668e-06, -0.000614
3.046718e-06, -0.000392
3.046768e-06, 0.000271
3.046818e-06, -0.000171
3.046868e-06, 0.000050
3.046918e-06, 0.000714
3.046968e-06, 0.000216
3.047018e-06, 0.000064
3.047068e-06, 0.000520
3.047118e-06, -0.000365
3.047168e-06, -0.001139
3.047218e-06, 0.000105
3.047268e-06, 0.000852
3.047318e-06, -0.000033
3.047368e-06, -0.000060
3.047418e-06, 0.000493
3.047468e-06, -0.000143
3.047518e-06, -0.000213
3.047568e-06, 0.000714
3.047618e-06, 0.000161
3.047668e-06, -0.000945
3.047718e-06, -0.000378
3.047768e-06, -0.000296
3.047818e-06, -0.001747
3.047868e-06, -0.001678
3.047918e-06, -0.000337
3.047968e-06, -0.000724
3.048018e-06, -0.001374
3.048068e-06, -0.000282
3.048118e-06, 0.000382
3.048168e-06, 0.000050
3.048218e-06, 0.000244
3.048268e-06, -0.000157
3.048318e-06, -0.001153
3.048368e-06, -0.000461
3.048418e-06, 0.000382
3.048468e-06, -0.000434
3.048518e-06, -0.000337
3.048568e-06, 0.000755
3.048618e-06, 0.000036
3.048668e-06, -0.000683
3.048718e-06, 0.000506
3.048768e-06, 0.001018
3.048818e-06, 0.000534
3.048868e-06, 0.000838
3.048918e-06, 0.000852
3.048968e-06, 0.000589
3.049018e-06, 0.001654
3.049068e-06, 0.002511
3.049118e-06, 0.001862
3.049168e-06, 0.001806
3.049218e-06, 0.002995
3.049268e-06, 0.003604
3.049318e-06, 0.002843
3.049368e-06, 0.001862
3.049418e-06, 0.002346
3.049468e-06, 0.003687
3.049518e-06, 0.003728
3.049568e-06, 0.003148
3.049618e-06, 0.003784
3.049668e-06, 0.004295
3.049718e-06, 0.004005
3.049768e-06, 0.004544
3.049818e-06, 0.005498
3.049868e-06, 0.005692
3.049918e-06, 0.006328
3.049968e-06, 0.007835
3.050018e-06, 0.009342
3.050068e-06, 0.011112
3.050118e-06, 0.013407
3.050168e-06, 0.015966
3.050218e-06, 0.019215
3.050268e-06, 0.022865
3.050318e-06, 0.025949
3.050368e-06, 0.028936
3.050418e-06, 0.032641
3.050468e-06, 0.036347
3.050518e-06, 0.039292
3.050568e-06, 0.041989
3.050618e-06, 0.044796
3.050668e-06, 0.047464
3.050718e-06, 0.049898
3.050768e-06, 0.052027
3.050818e-06, 0.053770
3.050868e-06, 0.055650
3.050918e-06, 0.058277
3.050968e-06, 0.061140
3.051018e-06, 0.063380
3.051068e-06, 0.064901
3.051118e-06, 0.066491
3.051168e-06, 0.068261
3.051218e-06, 0.069339
3.051268e-06, 0.070238
3.051318e-06, 0.072229
3.051368e-06, 0.073778
3.051418e-06, 0.073335
3.051468e-06, 0.072976
3.051518e-06, 0.073944
3.051568e-06, 0.074248
3.051618e-06, 0.073888
3.051668e-06, 0.074483
3.051718e-06, 0.075133
3.051768e-06, 0.074926
3.051818e-06, 0.074829
3.051868e-06, 0.074497
3.051918e-06, 0.073280
3.051968e-06, 0.072630
3.052018e-06, 0.072589
3.052068e-06, 0.071662
3.052118e-06, 0.070445
3.052168e-06, 0.069768
3.052218e-06, 0.068634
3.052268e-06, 0.067251
3.052318e-06, 0.066380
3.052368e-06, 0.065025
3.052418e-06, 0.062896
3.052468e-06, 0.061278
3.052518e-06, 0.060310
3.052568e-06, 0.058789
3.052618e-06, 0.056065
3.052668e-06, 0.052926
3.052718e-06, 0.050575
3.052768e-06, 0.048750
3.052818e-06, 0.046649
3.052868e-06, 0.044422
3.052918e-06, 0.041878
3.052968e-06, 0.038933
3.053018e-06, 0.036873
3.053068e-06, 0.035600
3.053118e-06, 0.033291
3.053168e-06, 0.030166
3.053218e-06, 0.027912
3.053268e-06, 0.026018
3.053318e-06, 0.023958
3.053368e-06, 0.022699
3.053418e-06, 0.021510
3.053468e-06, 0.019353
3.053518e-06, 0.018053
3.053568e-06, 0.018067
3.053618e-06, 0.017016
3.053668e-06, 0.015703
3.053718e-06, 0.016035
3.053768e-06, 0.015661
3.053818e-06, 0.013919
3.053868e-06, 0.014002
3.053918e-06, 0.015316
3.053968e-06, 0.015454
3.054018e-06, 0.016007
3.054068e-06, 0.017362
3.054118e-06, 0.017777
3.054168e-06, 0.018607
3.054218e-06, 0.020612
3.054268e-06, 0.021801
3.054318e-06, 0.022824
3.054368e-06, 0.024456
3.054418e-06, 0.025050
3.054468e-06, 0.025907
3.054518e-06, 0.028548
3.054568e-06, 0.030678
3.054618e-06, 0.032157
3.054668e-06, 0.034688
3.054718e-06, 0.036444
3.054768e-06, 0.037495
3.054818e-06, 0.040440
3.054868e-06, 0.043192
3.054918e-06, 0.044007
3.054968e-06, 0.046178
3.055018e-06, 0.049621
3.055068e-06, 0.051212
3.055118e-06, 0.052235
3.055168e-06, 0.054184
3.055218e-06, 0.055968
3.055268e-06, 0.058028
3.055318e-06, 0.060213
3.055368e-06, 0.061319
3.055418e-06, 0.062896
3.055468e-06, 0.065343
3.055518e-06, 0.066629
3.055568e-06, 0.067832
3.055618e-06, 0.070349
3.055668e-06, 0.072326
3.055718e-06, 0.073515
3.055768e-06, 0.075244
3.055818e-06, 0.076543
3.055868e-06, 0.077428
3.055918e-06, 0.079060
3.055968e-06, 0.080719
3.056018e-06, 0.081950
3.056068e-06, 0.083139
3.056118e-06, 0.083734
3.056168e-06, 0.084259
3.056218e-06, 0.085656
3.056268e-06, 0.086195
3.056318e-06, 0.085241
3.056368e-06, 0.085061
3.056418e-06, 0.085462
3.056468e-06, 0.084632
3.056518e-06, 0.084121
3.056568e-06, 0.084826
3.056618e-06, 0.084301
3.056668e-06, 0.082890
3.056718e-06, 0.082932
3.056768e-06, 0.082544
3.056818e-06, 0.080498
3.056868e-06, 0.079516
3.056918e-06, 0.079364
3.056968e-06, 0.077622
3.057018e-06, 0.076018
3.057068e-06, 0.075340
3.057118e-06, 0.073377
3.057168e-06, 0.071469
3.057218e-06, 0.071095
3.057268e-06, 0.069242
3.057318e-06, 0.066353
3.057368e-06, 0.065882
3.057418e-06, 0.065509
3.057468e-06, 0.062813
3.057518e-06, 0.060794
3.057568e-06, 0.059923
3.057618e-06, 0.057863
3.057668e-06, 0.055747
3.057718e-06, 0.054544
3.057768e-06, 0.053064
3.057818e-06, 0.051626
3.057868e-06, 0.050299
3.057918e-06, 0.047976
3.057968e-06, 0.045667
3.058018e-06, 0.044464
3.058068e-06, 0.042970
3.058118e-06, 0.040551
3.058168e-06, 0.038670
3.058218e-06, 0.037771
3.058268e-06, 0.036402
3.058318e-06, 0.034079
3.058368e-06, 0.032116
3.058418e-06, 0.030913
3.058468e-06, 0.029558
3.058518e-06, 0.027940
3.058568e-06, 0.026433
3.058618e-06, 0.024912
3.058668e-06, 0.023598
3.058718e-06, 0.022451
3.058768e-06, 0.020570
3.058818e-06, 0.018593
3.058868e-06, 0.018261
3.058918e-06, 0.018123
3.058968e-06, 0.015717
3.059018e-06, 0.013145
3.059068e-06, 0.012993
3.059118e-06, 0.012882
3.059168e-06, 0.011098
3.059218e-06, 0.009923
3.059268e-06, 0.009771
3.059318e-06, 0.008665
3.059368e-06, 0.007240
3.059418e-06, 0.006909
3.059468e-06, 0.006618
3.059518e-06, 0.005650
3.059568e-06, 0.004973
3.059618e-06, 0.004765
3.059668e-06, 0.004185
3.059718e-06, 0.003383
3.059768e-06, 0.003120
3.059818e-06, 0.003203
3.059868e-06, 0.002885
3.059918e-06, 0.002000
3.059968e-06, 0.001308
3.060018e-06, 0.001447
3.060068e-06, 0.001737
3.060118e-06, 0.001170
3.060168e-06, 0.000548
3.060218e-06, 0.000576
3.060268e-06, 0.000299
3.060318e-06, -0.000489
3.060368e-06, -0.000572
3.060418e-06, -0.000254
3.060468e-06, -0.000503
3.060518e-06, -0.000544
3.060568e-06, -0.000019
3.060618e-06, -0.000392
3.060668e-06, -0.001540
3.060718e-06, -0.001540
3.060768e-06, -0.000420
3.060818e-06, -0.000033
3.060868e-06, -0.000697
3.060918e-06, -0.001042
3.060968e-06, -0.000323
3.061018e-06, 0.000119
3.061068e-06, -0.000697
3.061118e-06, -0.001056
3.061168e-06, 0.000050
3.061218e-06, 0.000838
3.061268e-06, 0.000700
3.061318e-06, 0.000451
3.061368e-06, 0.000133
3.061418e-06, 0.000147
3.061468e-06, 0.000520
3.061518e-06, 0.000202
3.061568e-06, 0.000188
3.061618e-06, 0.001502
3.061668e-06, 0.002166
3.061718e-06, 0.001820
3.061768e-06, 0.002359
3.061818e-06, 0.002829
3.061868e-06, 0.002014
3.061918e-06, 0.001792
3.061968e-06, 0.002539
3.062018e-06, 0.002747
3.062068e-06, 0.002829
3.062118e-06, 0.003023
3.062168e-06, 0.002332
3.062218e-06, 0.001654
3.062268e-06, 0.001889
3.062318e-06, 0.001889
3.062368e-06, 0.001447
3.062418e-06, 0.001364
3.062468e-06, 0.001461
3.062518e-06, 0.001654
3.062568e-06, 0.001599
3.062618e-06, 0.000921
3.062668e-06, 0.000894
3.062718e-06, 0.001613
3.062768e-06, 0.000990
3.062818e-06, -0.000047
3.062868e-06, 0.000797
3.062918e-06, 0.001834
3.062968e-06, 0.001654
3.063018e-06, 0.002083
3.063068e-06, 0.003037
3.063118e-06, 0.002788
3.063168e-06, 0.002304
3.063218e-06, 0.002650
3.063268e-06, 0.002760
3.063318e-06, 0.002456
3.063368e-06, 0.002511
3.063418e-06, 0.002594
3.063468e-06, 0.002788
3.063518e-06, 0.002871
3.063568e-06, 0.001654
3.063618e-06, 0.000825
3.063668e-06, 0.002498
3.063718e-06, 0.003396
3.063768e-06, 0.002014
3.063818e-06, 0.002525
3.063868e-06, 0.004157
3.063918e-06, 0.002733
3.063968e-06, 0.001530
3.064018e-06, 0.003161
3.064068e-06, 0.002954
3.064118e-06, 0.000949
3.064168e-06, 0.002000
3.064218e-06, 0.003507
3.064268e-06, 0.001986
3.064318e-06, 0.001391
3.064368e-06, 0.002940
3.064418e-06, 0.002802
3.064468e-06, 0.001875
3.064518e-06, 0.002484
3.064568e-06, 0.002346
3.064618e-06, 0.001281
3.064668e-06, 0.001502
3.064718e-06, 0.001544
3.064768e-06, 0.000949
3.064818e-06, 0.001903
3.064868e-06, 0.002636
3.064918e-06, 0.001461
3.064968e-06, 0.001557
3.065018e-06, 0.002857
3.065068e-06, 0.001723
3.065118e-06, 0.000534
3.065168e-06, 0.002235
3.065218e-06, 0.002954
3.065268e-06, 0.001488
3.065318e-06, 0.001931
3.065368e-06, 0.002968
3.065418e-06, 0.001544
3.065468e-06, 0.001212
3.065518e-06, 0.002760
3.065568e-06, 0.001834
3.065618e-06, 0.000368
3.065668e-06, 0.001765
3.065718e-06, 0.002539
3.065768e-06, 0.001723
3.065818e-06, 0.002664
3.065868e-06, 0.003701
3.065918e-06, 0.003369
3.065968e-06, 0.005222
3.066018e-06, 0.008748
3.066068e-06, 0.010531
3.066118e-06, 0.012384
3.066168e-06, 0.016187
3.066218e-06, 0.019436
3.066268e-06, 0.021054
3.066318e-06, 0.022395
3.066368e-06, 0.023405
3.066418e-06, 0.023709
3.066468e-06, 0.023861
3.066518e-06, 0.024193
3.066568e-06, 0.024746
3.066618e-06, 0.025147
3.066668e-06, 0.024829
3.066718e-06, 0.024912
3.066768e-06, 0.026336
3.066818e-06, 0.027456
3.066868e-06, 0.027539
3.066918e-06, 0.028037
3.066968e-06, 0.028922
3.067018e-06, 0.029267
3.067068e-06, 0.029406
3.067118e-06, 0.029074
3.067168e-06, 0.028147
3.067218e-06, 0.027733
3.067268e-06, 0.027788
3.067318e-06, 0.027456
3.067368e-06, 0.026668
3.067418e-06, 0.025410
3.067468e-06, 0.024373
3.067518e-06, 0.024400
3.067568e-06, 0.024207
3.067618e-06, 0.023432
3.067668e-06, 0.023709
3.067718e-06, 0.023806
3.067768e-06, 0.022008
3.067818e-06, 0.020418
3.067868e-06, 0.019975
3.067918e-06, 0.019395
3.067968e-06, 0.018952
3.068018e-06, 0.018081
3.068068e-06, 0.015675
3.068118e-06, 0.013725
3.068168e-06, 0.013435
3.068218e-06, 0.012910
3.068268e-06, 0.012135
3.068318e-06, 0.011499
3.068368e-06, 0.009688
3.068418e-06, 0.008098
3.068468e-06, 0.008250
3.068518e-06, 0.007641
3.068568e-06, 0.005830
3.068618e-06, 0.005249
3.068668e-06, 0.004917
3.068718e-06, 0.003410
3.068768e-06, 0.002511
3.068818e-06, 0.002166
3.068868e-06, 0.000977
3.068918e-06, 0.000341
3.068968e-06, 0.000949
3.069018e-06, 0.000672
3.069068e-06, -0.000918
3.069118e-06, -0.001858
3.069168e-06, -0.001457
3.069218e-06, -0.001180
3.069268e-06, -0.002231
3.069318e-06, -0.003338
3.069368e-06, -0.003130
3.069418e-06, -0.002715
3.069468e-06, -0.003310
3.069518e-06, -0.004153
3.069568e-06, -0.004181
3.069618e-06, -0.003545
3.069668e-06, -0.003503
3.069718e-06, -0.004333
3.069768e-06, -0.004416
3.069818e-06, -0.003766
3.069868e-06, -0.004181
3.069918e-06, -0.004955
3.069968e-06, -0.004458
3.070018e-06, -0.003421
3.070068e-06, -0.002992
3.070118e-06, -0.003241
3.070168e-06, -0.003821
3.070218e-06, -0.003863
3.070268e-06, -0.003393
3.070318e-06, -0.003559
3.070368e-06, -0.003946
3.070418e-06, -0.003628
3.070468e-06, -0.003476
3.070518e-06, -0.003448
3.070568e-06, -0.002383
3.070618e-06, -0.001651
3.070668e-06, -0.002328
3.070718e-06, -0.002383
3.070768e-06, -0.001457
3.070818e-06, -0.001319
3.070868e-06, -0.001333
3.070918e-06, -0.000627
3.070968e-06, -0.000641
3.071018e-06, -0.000987
3.071068e-06, 0.000050
3.071118e-06, 0.000949
3.071168e-06, 0.000341
3.071218e-06, 0.000285
3.071268e-06, 0.001336
3.071318e-06, 0.001696
3.071368e-06, 0.001765
3.071418e-06, 0.002097
3.071468e-06, 0.001751
3.071518e-06, 0.001792
3.071568e-06, 0.002843
3.071618e-06, 0.002774
3.071668e-06, 0.002000
3.071718e-06, 0.002664
3.071768e-06, 0.003424
3.071818e-06, 0.003479
3.071868e-06, 0.004019
3.071918e-06, 0.003936
3.071968e-06, 0.003023
3.072018e-06, 0.003424
3.072068e-06, 0.004129
3.072118e-06, 0.003949
3.072168e-06, 0.004724
3.072218e-06, 0.005484
3.072268e-06, 0.004171
3.072318e-06, 0.003618
3.072368e-06, 0.004765
3.072418e-06, 0.004295
3.072468e-06, 0.003134
3.072518e-06, 0.003867
3.072568e-06, 0.004392
3.072618e-06, 0.003576
3.072668e-06, 0.003466
3.072718e-06, 0.003770
3.072768e-06, 0.003424
3.072818e-06, 0.003189
3.072868e-06, 0.003230
3.072918e-06, 0.003452
3.072968e-06, 0.003880
3.073018e-06, 0.003590
3.073068e-06, 0.002885
3.073118e-06, 0.002816
3.073168e-06, 0.002664
3.073218e-06, 0.002428
3.073268e-06, 0.002912
3.073318e-06, 0.002912
3.073368e-06, 0.002359
3.073418e-06, 0.002912
3.073468e-06, 0.003410
3.073518e-06, 0.002415
3.073568e-06, 0.001613
3.073618e-06, 0.001696
3.073668e-06, 0.001613
3.073718e-06, 0.001737
3.073768e-06, 0.002041
3.073818e-06, 0.001917
3.073868e-06, 0.002138
3.073918e-06, 0.002332
3.073968e-06, 0.001530
3.074018e-06, 0.001419
3.074068e-06, 0.002193
3.074118e-06, 0.001530
3.074168e-06, 0.000783
3.074218e-06, 0.001792
3.074268e-06, 0.002097
3.074318e-06, 0.001364
3.074368e-06, 0.001709
3.074418e-06, 0.001682
3.074468e-06, 0.000714
3.074518e-06, 0.001073
3.074568e-06, 0.001682
3.074618e-06, 0.000880
3.074668e-06, 0.000506
3.074718e-06, 0.000797
3.074768e-06, 0.000576
3.074818e-06, 0.001129
3.074868e-06, 0.002207
3.074918e-06, 0.001820
3.074968e-06, 0.000949
3.075018e-06, 0.001322
3.075068e-06, 0.002083
3.075118e-06, 0.002110
3.075168e-06, 0.001350
3.075218e-06, 0.000852
3.075268e-06, 0.001640
3.075318e-06, 0.002166
3.075368e-06, 0.001212
3.075418e-06, 0.000838
3.075468e-06, 0.001599
3.075518e-06, 0.001792
3.075568e-06, 0.001806
3.075618e-06, 0.002152
3.075668e-06, 0.001917
3.075718e-06, 0.001682
3.075768e-06, 0.001779
3.075818e-06, 0.001806
3.075868e-06, 0.002774
3.075918e-06, 0.003784
3.075968e-06, 0.002719
3.076018e-06, 0.001931
3.076068e-06, 0.003078
3.076118e-06, 0.002733
3.076168e-06, 0.001115
3.076218e-06, 0.001640
3.076268e-06, 0.002055
3.076318e-06, 0.000548
3.076368e-06, 0.000382
3.076418e-06, 0.000838
3.076468e-06, -0.000226
3.076518e-06, 0.000092
3.076568e-06, 0.001461
3.076618e-06, 0.000424
3.076668e-06, -0.000185
3.076718e-06, 0.001322
3.076768e-06, 0.000990
3.076818e-06, 0.000161
3.076868e-06, 0.001696
3.076918e-06, 0.001737
3.076968e-06, 0.000161
3.077018e-06, 0.001060
3.077068e-06, 0.001654
3.077118e-06, -0.000226
3.077168e-06, -0.000213
3.077218e-06, 0.001073
3.077268e-06, 0.000202
3.077318e-06, 0.000064
3.077368e-06, 0.001364
3.077418e-06, 0.000465
3.077468e-06, -0.000489
3.077518e-06, 0.000963
3.077568e-06, 0.001046
3.077618e-06, -0.000226
3.077668e-06, 0.000728
3.077718e-06, 0.001599
3.077768e-06, 0.000451
3.077818e-06, 0.000451
3.077868e-06, 0.001640
3.077918e-06, 0.001419
3.077968e-06, 0.000769
3.078018e-06, 0.000659
3.078068e-06, 0.000244
3.078118e-06, -0.000047
3.078168e-06, 0.000078
3.078218e-06, 0.000382
3.078268e-06, 0.000977
3.078318e-06, 0.000589
3.078368e-06, -0.001056
3.078418e-06, -0.001319
3.078468e-06, 0.000092
3.078518e-06, 0.000589
3.078568e-06, 0.000285
3.078618e-06, 0.000354
3.078668e-06, 0.000078
3.078718e-06, -0.000862
3.078768e-06, -0.001429
3.078818e-06, -0.000987
3.078868e-06, 0.000009
3.078918e-06, 0.000175
3.078968e-06, -0.000821
3.079018e-06, -0.001277
3.079068e-06, -0.000807
3.079118e-06, -0.000973
3.079168e-06, -0.001512
3.079218e-06, -0.001028
3.079268e-06, -0.000365
3.079318e-06, -0.000392
3.079368e-06, -0.000074
3.079418e-06, 0.000161
3.079468e-06, -0.001098
3.079518e-06, -0.001982
3.079568e-06, -0.000904
3.079618e-06, -0.000475
3.079668e-06, -0.001346
3.079718e-06, -0.001084
3.079768e-06, -0.000282
3.079818e-06, -0.000378
3.079868e-06, 0.000188
3.079918e-06, 0.001170
3.079968e-06, 0.000659
3.080018e-06, 0.000105
3.080068e-06, 0.000894
3.080118e-06, 0.001447
3.080168e-06, 0.001571
3.080218e-06, 0.002387
3.080268e-06, 0.002885
3.080318e-06, 0.002511
3.080368e-06, 0.002636
3.080418e-06, 0.002995
3.080468e-06, 0.002428
3.080518e-06, 0.002276
3.080568e-06, 0.003687
3.080618e-06, 0.004862
3.080668e-06, 0.004530
3.080718e-06, 0.003908
3.080768e-06, 0.003825
3.080818e-06, 0.003922
3.080868e-06, 0.003949
3.080918e-06, 0.003963
3.080968e-06, 0.004599
3.081018e-06, 0.005858
3.081068e-06, 0.006314
3.081118e-06, 0.006480
3.081168e-06, 0.008070
3.081218e-06, 0.009328
3.081268e-06, 0.009232
3.081318e-06, 0.011195
3.081368e-06, 0.014859
3.081418e-06, 0.016602
3.081468e-06, 0.018703
3.081518e-06, 0.023114
3.081568e-06, 0.026364
3.081618e-06, 0.029046
3.081668e-06, 0.033886
3.081718e-06, 0.037937
3.081768e-06, 0.040136
3.081818e-06, 0.043454
3.081868e-06, 0.047091
3.081918e-06, 0.049082
3.081968e-06, 0.050880
3.082018e-06, 0.053369
3.082068e-06, 0.055622
3.082118e-06, 0.057337
3.082168e-06, 0.058817
3.082218e-06, 0.060780
3.082268e-06, 0.063020
3.082318e-06, 0.064403
3.082368e-06, 0.065647
3.082418e-06, 0.067224
3.082468e-06, 0.067556
3.082518e-06, 0.067224
3.082568e-06, 0.067984
3.082618e-06, 0.068371
3.082668e-06, 0.067735
3.082718e-06, 0.068219
3.082768e-06, 0.068952
3.082818e-06, 0.068205
3.082868e-06, 0.068150
3.082918e-06, 0.069077
3.082968e-06, 0.068523
3.083018e-06, 0.067639
3.083068e-06, 0.067957
3.083118e-06, 0.067320
3.083168e-06, 0.065813
3.083218e-06, 0.065371
3.083268e-06, 0.064735
3.083318e-06, 0.063629
3.083368e-06, 0.063947
3.083418e-06, 0.064334
3.083468e-06, 0.062951
3.083518e-06, 0.061651
3.083568e-06, 0.061499
3.083618e-06, 0.061444
3.083668e-06, 0.061872
3.083718e-06, 0.062564
3.083768e-06, 0.061969
3.083818e-06, 0.061167
3.083868e-06, 0.061527
3.083918e-06, 0.061333
3.083968e-06, 0.060310
3.084018e-06, 0.060338
3.084068e-06, 0.060517
3.084118e-06, 0.059785
3.084168e-06, 0.060158
3.084218e-06, 0.061209
3.084268e-06, 0.060365
3.084318e-06, 0.059439
3.084368e-06, 0.060365
3.084418e-06, 0.060739
3.084468e-06, 0.060241
3.084518e-06, 0.061361
3.084568e-06, 0.062771
3.084618e-06, 0.062467
3.084668e-06, 0.062730
3.084718e-06, 0.064361
3.084768e-06, 0.064444
3.084818e-06, 0.063214
3.084868e-06, 0.063546
3.084918e-06, 0.064417
3.084968e-06, 0.063905
3.085018e-06, 0.063808
3.085068e-06, 0.064638
3.085118e-06, 0.064016
3.085168e-06, 0.062619
3.085218e-06, 0.062550
3.085268e-06, 0.062633
3.085318e-06, 0.062356
3.085368e-06, 0.062771
3.085418e-06, 0.062564
3.085468e-06, 0.061319
3.085518e-06, 0.061084
3.085568e-06, 0.061070
3.085618e-06, 0.060006
3.085668e-06, 0.059688
3.085718e-06, 0.059729
3.085768e-06, 0.057918
3.085818e-06, 0.056051
3.085868e-06, 0.055927
3.085918e-06, 0.055678
3.085968e-06, 0.054862
3.086018e-06, 0.054420
3.086068e-06, 0.053479
3.086118e-06, 0.052069
3.086168e-06, 0.050852
3.086218e-06, 0.048985
3.086268e-06, 0.047174
3.086318e-06, 0.046496
3.086368e-06, 0.045293
3.086418e-06, 0.043288
3.086468e-06, 0.042459
3.086518e-06, 0.042127
3.086568e-06, 0.040855
3.086618e-06, 0.039679
3.086668e-06, 0.038753
3.086718e-06, 0.037204
3.086768e-06, 0.035974
3.086818e-06, 0.035656
3.086868e-06, 0.035199
3.086918e-06, 0.034245
3.086968e-06, 0.033568
3.087018e-06, 0.033554
3.087068e-06, 0.033692
3.087118e-06, 0.033029
3.087168e-06, 0.031770
3.087218e-06, 0.031148
3.087268e-06, 0.031646
3.087318e-06, 0.032296
3.087368e-06, 0.031964
3.087418e-06, 0.031189
3.087468e-06, 0.031189
3.087518e-06, 0.031383
3.087568e-06, 0.031355
3.087618e-06, 0.032323
3.087668e-06, 0.033360
3.087718e-06, 0.032710
3.087768e-06, 0.032268
3.087818e-06, 0.033222
3.087868e-06, 0.033471
3.087918e-06, 0.033305
3.087968e-06, 0.034273
3.088018e-06, 0.034978
3.088068e-06, 0.035227
3.088118e-06, 0.036416
3.088168e-06, 0.036886
3.088218e-06, 0.036029
3.088268e-06, 0.036444
3.088318e-06, 0.037688
3.088368e-06, 0.037439
3.088418e-06, 0.037038
3.088468e-06, 0.037495
3.088518e-06, 0.037619
3.088568e-06, 0.037979
3.088618e-06, 0.038559
3.088668e-06, 0.037522
3.088718e-06, 0.036693
3.088768e-06, 0.038172
3.088818e-06, 0.038808
3.088868e-06, 0.037343
3.088918e-06, 0.037356
3.088968e-06, 0.038712
3.089018e-06, 0.038145
3.089068e-06, 0.036845
3.089118e-06, 0.037149
3.089168e-06, 0.037191
3.089218e-06, 0.035960
3.089268e-06, 0.035338
3.089318e-06, 0.035130
3.089368e-06, 0.034411
3.089418e-06, 0.034550
3.089468e-06, 0.034771
3.089518e-06, 0.032946
3.089568e-06, 0.031369
3.089618e-06, 0.031950
3.089668e-06, 0.031784
3.089718e-06, 0.030443
3.089768e-06, 0.030401
3.089818e-06, 0.030125
3.089868e-06, 0.028479
3.089918e-06, 0.027954
3.089968e-06, 0.027885
3.090018e-06, 0.026129
3.090068e-06, 0.024884
3.090118e-06, 0.025078
3.090168e-06, 0.024428
3.090218e-06, 0.023363
3.090268e-06, 0.023170
3.090318e-06, 0.022437
3.090368e-06, 0.020736
3.090418e-06, 0.019657
3.090468e-06, 0.019256
3.090518e-06, 0.018565
3.090568e-06, 0.017680
3.090618e-06, 0.017044
3.090668e-06, 0.016380
3.090718e-06, 0.015523
3.090768e-06, 0.014804
3.090818e-06, 0.013878
3.090868e-06, 0.012398
3.090918e-06, 0.011679
3.090968e-06, 0.011997
3.091018e-06, 0.011250
3.091068e-06, 0.009453
3.091118e-06, 0.008955
3.091168e-06, 0.009149
3.091218e-06, 0.008333
3.091268e-06, 0.007586
3.091318e-06, 0.007420
3.091368e-06, 0.006632
3.091418e-06, 0.005761
3.091468e-06, 0.005692
3.091518e-06, 0.005166
3.091568e-06, 0.003949
3.091618e-06, 0.003880
3.091668e-06, 0.004475
3.091718e-06, 0.003714
3.091768e-06, 0.002829
3.091818e-06, 0.003189
3.091868e-06, 0.002802
3.091918e-06, 0.001737
3.091968e-06, 0.002539
3.092018e-06, 0.003341
3.092068e-06, 0.001530
3.092118e-06, 0.000202
3.092168e-06, 0.001226
3.092218e-06, 0.001239
3.092268e-06, -0.000157
3.092318e-06, -0.000088
3.092368e-06, 0.000271
3.092418e-06, -0.000724
3.092468e-06, -0.000807
3.092518e-06, 0.000244
3.092568e-06, -0.000047
3.092618e-06, -0.000766
3.092668e-06, -0.000365
3.092718e-06, -0.000434
3.092768e-06, -0.001070
3.092818e-06, -0.000710
3.092868e-06, -0.000544
3.092918e-06, -0.001125
3.092968e-06, -0.000669
3.093018e-06, -0.000116
3.093068e-06, -0.000752
3.093118e-06, -0.000531
3.093168e-06, 0.000341
3.093218e-06, -0.000517
3.093268e-06, -0.001402
3.093318e-06, -0.000544
3.093368e-06, -0.000240
3.093418e-06, -0.000835
3.093468e-06, -0.000655
3.093518e-06, -0.000959
3.093568e-06, -0.002052
3.093618e-06, -0.001581
3.093668e-06, -0.000254
3.093718e-06, 0.000036
3.093768e-06, 0.000092
3.093818e-06, -0.000130
3.093868e-06, -0.000669
3.093918e-06, 0.000147
3.093968e-06, 0.001156
3.094018e-06, 0.000589
3.094068e-06, 0.000465
3.094118e-06, 0.001198
3.094168e-06, 0.000645
3.094218e-06, 0.000023
3.094268e-06, 0.000714
3.094318e-06, 0.000977
3.094368e-06, 0.000852
3.094418e-06, 0.001226
3.094468e-06, 0.000935
3.094518e-06, 0.000520
3.094568e-06, 0.001308
3.094618e-06, 0.001958
3.094668e-06, 0.001654
3.094718e-06, 0.001557
3.094768e-06, 0.001820
3.094818e-06, 0.001931
3.094868e-06, 0.001931
3.094918e-06, 0.001972
3.094968e-06, 0.001972
3.095018e-06, 0.001751
3.095068e-06, 0.001834
3.095118e-06, 0.002802
3.095168e-06, 0.003217
3.095218e-06, 0.002456
3.095268e-06, 0.002401
3.095318e-06, 0.003230
3.095368e-06, 0.003383
3.095418e-06, 0.002954
3.095468e-06, 0.002359
3.095518e-06, 0.001585
3.095568e-06, 0.001765
3.095618e-06, 0.002677
3.095668e-06, 0.002470
3.095718e-06, 0.002235
3.095768e-06, 0.003438
3.095818e-06, 0.003756
3.095868e-06, 0.002401
3.095918e-06, 0.002332
3.095968e-06, 0.003396
3.096018e-06, 0.003217
3.096068e-06, 0.002954
3.096118e-06, 0.003383
3.096168e-06, 0.003161
3.096218e-06, 0.003258
3.096268e-06, 0.004019
3.096318e-06, 0.003148
3.096368e-06, 0.001972
3.096418e-06, 0.002899
3.096468e-06, 0.003217
3.096518e-06, 0.001862
3.096568e-06, 0.002138
3.096618e-06, 0.003037
3.096668e-06, 0.002290
3.096718e-06, 0.002677
3.096768e-06, 0.003880
3.096818e-06, 0.002594
3.096868e-06, 0.001723
3.096918e-06, 0.003466
3.096968e-06, 0.003742
3.097018e-06, 0.002802
3.097068e-06, 0.004406
3.097118e-06, 0.006397
3.097168e-06, 0.006922
3.097218e-06, 0.008485
3.097268e-06, 0.010836
3.097318e-06, 0.012688
3.097368e-06, 0.015316
3.097418e-06, 0.018109
3.097468e-06, 0.019920
3.097518e-06, 0.021897
3.097568e-06, 0.023640
3.097618e-06, 0.023847
3.097668e-06, 0.023640
3.097718e-06, 0.023916
3.097768e-06, 0.024068
3.097818e-06, 0.024276
3.097868e-06, 0.024691
3.097918e-06, 0.024732
3.097968e-06, 0.024677
3.098018e-06, 0.025410
3.098068e-06, 0.026626
3.098118e-06, 0.027373
3.098168e-06, 0.027829
3.098218e-06, 0.028714
3.098268e-06, 0.029503
3.098318e-06, 0.029157
3.098368e-06, 0.027982
3.098418e-06, 0.027124
3.098468e-06, 0.027027
3.098518e-06, 0.026848
3.098568e-06, 0.025534
3.098618e-06, 0.024110
3.098668e-06, 0.024317
3.098718e-06, 0.024704
3.098768e-06, 0.023612
3.098818e-06, 0.022727
3.098868e-06, 0.022603
3.098918e-06, 0.021690
3.098968e-06, 0.020819
3.099018e-06, 0.020764
3.099068e-06, 0.019865
3.099118e-06, 0.018289
3.099168e-06, 0.017639
3.099218e-06, 0.016740
3.099268e-06, 0.014555
3.099318e-06, 0.012730
3.099368e-06, 0.012177
3.099418e-06, 0.011900
3.099468e-06, 0.011112
3.099518e-06, 0.009522
3.099568e-06, 0.007711
3.099618e-06, 0.007061
3.099668e-06, 0.007019
3.099718e-06, 0.005816
3.099768e-06, 0.004226
3.099818e-06, 0.003507
3.099868e-06, 0.002747
3.099918e-06, 0.001626
3.099968e-06, 0.000797
3.100018e-06, -0.000019
3.100068e-06, -0.000614
3.100118e-06, -0.000945
3.100168e-06, -0.001872
3.100218e-06, -0.002619
3.100268e-06, -0.002563
3.100318e-06, -0.003351
3.100368e-06, -0.004513
3.100418e-06, -0.004333
3.100468e-06, -0.004596
3.100518e-06, -0.005716
3.100568e-06, -0.005052
3.100618e-06, -0.004167
3.100668e-06, -0.005467
3.100718e-06, -0.006103
3.100768e-06, -0.005287
3.100818e-06, -0.005744
3.100868e-06, -0.006172
3.100918e-06, -0.005453
3.100968e-06, -0.005799
3.101018e-06, -0.005771
3.101068e-06, -0.004292
3.101118e-06, -0.005038
3.101168e-06, -0.006684
3.101218e-06, -0.005384
3.101268e-06, -0.004679
3.101318e-06, -0.006172
3.101368e-06, -0.005826
3.101418e-06, -0.004983
3.101468e-06, -0.006145
3.101518e-06, -0.006089
3.101568e-06, -0.004554
3.101618e-06, -0.004471
3.101668e-06, -0.004734
3.101718e-06, -0.004485
3.101768e-06, -0.004762
3.101818e-06, -0.004471
3.101868e-06, -0.003559
3.101918e-06, -0.003365
3.101968e-06, -0.002743
3.102018e-06, -0.001761
3.102068e-06, -0.002439
3.102118e-06, -0.003185
3.102168e-06, -0.002010
3.102218e-06, -0.000641
3.102268e-06, -0.000102
3.102318e-06, 0.000244
3.102368e-06, 0.000092
3.102418e-06, 0.000341
3.102468e-06, 0.001834
3.102518e-06, 0.002387
3.102568e-06, 0.001792
3.102618e-06, 0.002401
3.102668e-06, 0.003023
3.102718e-06, 0.002055
3.102768e-06, 0.001931
3.102818e-06, 0.003203
3.102868e-06, 0.003327
3.102918e-06, 0.002885
3.102968e-06, 0.003410
3.103018e-06, 0.003286
3.103068e-06, 0.002553
3.103118e-06, 0.003327
3.103168e-06, 0.004226
3.103218e-06, 0.003396
3.103268e-06, 0.002912
3.103318e-06, 0.003396
3.103368e-06, 0.003161
3.103418e-06, 0.003092
3.103468e-06, 0.003811
3.103518e-06, 0.003203
3.103568e-06, 0.002138
3.103618e-06, 0.002926
3.103668e-06, 0.003313
3.103718e-06, 0.002041
3.103768e-06, 0.002221
3.103818e-06, 0.003604
3.103868e-06, 0.003106
3.103918e-06, 0.002346
3.103968e-06, 0.003120
3.104018e-06, 0.003009
3.104068e-06, 0.001958
3.104118e-06, 0.002055
3.104168e-06, 0.002249
3.104218e-06, 0.002014
3.104268e-06, 0.002650
3.104318e-06, 0.002843
3.104368e-06, 0.001751
3.104418e-06, 0.001640
3.104468e-06, 0.002428
3.104518e-06, 0.002249
3.104568e-06, 0.001875
3.104618e-06, 0.001792
3.104668e-06, 0.001226
3.104718e-06, 0.000949
3.104768e-06, 0.001281
3.104818e-06, 0.001087
3.104868e-06, 0.000589
3.104918e-06, 0.000562
3.104968e-06, 0.000907
3.105018e-06, 0.001585
3.105068e-06, 0.002000
3.105118e-06, 0.001585
3.105168e-06, 0.001336
3.105218e-06, 0.001613
3.105268e-06, 0.001253
3.105318e-06, 0.000617
3.105368e-06, 0.000783
3.105418e-06, 0.000921
3.105468e-06, 0.000382
3.105518e-06, -0.000116
3.105568e-06, -0.000143
3.105618e-06, 0.000299
3.105668e-06, 0.000783
3.105718e-06, 0.000714
3.105768e-06, 0.000576
3.105818e-06, 0.000783
3.105868e-06, 0.000589
3.105918e-06, 0.000216
3.105968e-06, 0.000479
3.106018e-06, 0.000797
3.106068e-06, 0.000465
3.106118e-06, -0.000088
3.106168e-06, -0.000420
3.106218e-06, -0.000434
3.106268e-06, -0.000088
3.106318e-06, 0.000327
3.106368e-06, 0.000341
3.106418e-06, 0.000009
3.106468e-06, 0.000244
3.106518e-06, 0.001239
3.106568e-06, 0.001599
3.106618e-06, 0.001046
3.106668e-06, 0.000686
3.106718e-06, 0.000603
3.106768e-06, 0.000700
3.106818e-06, 0.001378
3.106868e-06, 0.002097
3.106918e-06, 0.002235
3.106968e-06, 0.002110
3.107018e-06, 0.002207
3.107068e-06, 0.002415
3.107118e-06, 0.002055
3.107168e-06, 0.001226
3.107218e-06, 0.001295
3.107268e-06, 0.002055
3.107318e-06, 0.001696
3.107368e-06, 0.000935
3.107418e-06, 0.001212
3.107468e-06, 0.001226
3.107518e-06, 0.000520
3.107568e-06, 0.000742
3.107618e-06, 0.001516
3.107668e-06, 0.001405
3.107718e-06, 0.001073
3.107768e-06, 0.001184
3.107818e-06, 0.001295
3.107868e-06, 0.001350
3.107918e-06, 0.001143
3.107968e-06, 0.000631
3.108018e-06, 0.000990
3.108068e-06, 0.001626
3.108118e-06, 0.000548
3.108168e-06, -0.000517
3.108218e-06, 0.000147
3.108268e-06, 0.000105
3.108318e-06, -0.000531
3.108368e-06, 0.000576
3.108418e-06, 0.001073
3.108468e-06, -0.000378
3.108518e-06, -0.000157
3.108568e-06, 0.001226
3.108618e-06, 0.000437
3.108668e-06, -0.000420
3.108718e-06, 0.000479
3.108768e-06, 0.000534
3.108818e-06, -0.000392
3.108868e-06, -0.000268
3.108918e-06, 0.000216
3.108968e-06, 0.000299
3.109018e-06, 0.000631
3.109068e-06, 0.000742
3.109118e-06, 0.000147
3.109168e-06, -0.000157
3.109218e-06, 0.000230
3.109268e-06, 0.000437
3.109318e-06, 0.000064
3.109368e-06, -0.000254
3.109418e-06, -0.000143
3.109468e-06, 0.000230
3.109518e-06, 0.000700
3.109568e-06, 0.000907
3.109618e-06, 0.000617
3.109668e-06, 0.000479
3.109718e-06, 0.000493
3.109768e-06, -0.000116
3.109818e-06, -0.000489
3.109868e-06, 0.000188
3.109918e-06, 0.000437
3.109968e-06, 0.000023
3.110018e-06, 0.000811
3.110068e-06, 0.001903
3.110118e-06, 0.001129
3.110168e-06, 0.000050
3.110218e-06, 0.000396
3.110268e-06, 0.000659
3.110318e-06, 0.000341
3.110368e-06, 0.000714
3.110418e-06, 0.000880
3.110468e-06, 0.000258
3.110518e-06, 0.000327
3.110568e-06, 0.000686
3.110618e-06, 0.000244
3.110668e-06, 0.000451
3.110718e-06, 0.001087
3.110768e-06, 0.000313
3.110818e-06, -0.000254
3.110868e-06, 0.000728
3.110918e-06, 0.000880
3.110968e-06, 0.000285
3.111018e-06, 0.000990
3.111068e-06, 0.001364
3.111118e-06, 0.000714
3.111168e-06, 0.001226
3.111218e-06, 0.001972
3.111268e-06, 0.001405
3.111318e-06, 0.001571
3.111368e-06, 0.002594
3.111418e-06, 0.002470
3.111468e-06, 0.002346
3.111518e-06, 0.003396
3.111568e-06, 0.003811
3.111618e-06, 0.003272
3.111668e-06, 0.003286
3.111718e-06, 0.003701
3.111768e-06, 0.003867
3.111818e-06, 0.003797
3.111868e-06, 0.003922
3.111918e-06, 0.004627
3.111968e-06, 0.005000
3.112018e-06, 0.004364
3.112068e-06, 0.004420
3.112118e-06, 0.005429
3.112168e-06, 0.005166
3.112218e-06, 0.004212
3.112268e-06, 0.004682
3.112318e-06, 0.005526
3.112368e-06, 0.005872
3.112418e-06, 0.006673
3.112468e-06, 0.007475
3.112518e-06, 0.008236
3.112568e-06, 0.010421
3.112618e-06, 0.013283
3.112668e-06, 0.015606
3.112718e-06, 0.018136
3.112768e-06, 0.021095
3.112818e-06, 0.024055
3.112868e-06, 0.027442
3.112918e-06, 0.031120
3.112968e-06, 0.034757
3.113018e-06, 0.038559
3.113068e-06, 0.042417
3.113118e-06, 0.045874
3.113168e-06, 0.048252
3.113218e-06, 0.049691
3.113268e-06, 0.051806
3.113318e-06, 0.054655
3.113368e-06, 0.056743
3.113418e-06, 0.058582
3.113468e-06, 0.060642
3.113518e-06, 0.061748
3.113568e-06, 0.063020
3.113618e-06, 0.065108
3.113668e-06, 0.065578
3.113718e-06, 0.065537
3.113768e-06, 0.067666
3.113818e-06, 0.068911
3.113868e-06, 0.067569
3.113918e-06, 0.067528
3.113968e-06, 0.068620
3.114018e-06, 0.067486
3.114068e-06, 0.066297
3.114118e-06, 0.067362
3.114168e-06, 0.067500
3.114218e-06, 0.065689
3.114268e-06, 0.064707
3.114318e-06, 0.064500
3.114368e-06, 0.063559
3.114418e-06, 0.062439
3.114468e-06, 0.061389
3.114518e-06, 0.060379
3.114568e-06, 0.060103
3.114618e-06, 0.059453
3.114668e-06, 0.057254
3.114718e-06, 0.055014
3.114768e-06, 0.053258
3.114818e-06, 0.050866
3.114868e-06, 0.048709
3.114918e-06, 0.047395
3.114968e-06, 0.045169
3.115018e-06, 0.042265
3.115068e-06, 0.040772
3.115118e-06, 0.039928
3.115168e-06, 0.037757
3.115218e-06, 0.035061
3.115268e-06, 0.033443
3.115318e-06, 0.032227
3.115368e-06, 0.029668
3.115418e-06, 0.025921
3.115468e-06, 0.022921
3.115518e-06, 0.021441
3.115568e-06, 0.019754
3.115618e-06, 0.016920
3.115668e-06, 0.014458
3.115718e-06, 0.012910
3.115768e-06, 0.010988
3.115818e-06, 0.008430
3.115868e-06, 0.006024
3.115918e-06, 0.003963
3.115968e-06, 0.002387
3.116018e-06, 0.001143
3.116068e-06, -0.000572
3.116118e-06, -0.002660
3.116168e-06, -0.004236
3.116218e-06, -0.005412
3.116268e-06, -0.006698
3.116318e-06, -0.008219
3.116368e-06, -0.009975
3.116418e-06, -0.011261
3.116468e-06, -0.011786
3.116518e-06, -0.012630
3.116568e-06, -0.013694
3.116618e-06, -0.013777
3.116668e-06, -0.013515
3.116718e-06, -0.014289
3.116768e-06, -0.015644
3.116818e-06, -0.016017
3.116868e-06, -0.015354
3.116918e-06, -0.015492
3.116968e-06, -0.016695
3.117018e-06, -0.016736
3.117068e-06, -0.015851
3.117118e-06, -0.016280
3.117168e-06, -0.016916
3.117218e-06, -0.016446
3.117268e-06, -0.016280
3.117318e-06, -0.016183
3.117368e-06, -0.015395
3.117418e-06, -0.015575
3.117468e-06, -0.016335
3.117518e-06, -0.015934
3.117568e-06, -0.015630
3.117618e-06, -0.016017
3.117668e-06, -0.015533
3.117718e-06, -0.014565
3.117768e-06, -0.014372
3.117818e-06, -0.014399
3.117868e-06, -0.014026
3.117918e-06, -0.013362
3.117968e-06, -0.012920
3.118018e-06, -0.012948
3.118068e-06, -0.012367
3.118118e-06, -0.011109
3.118168e-06, -0.010652
3.118218e-06, -0.010569
3.118268e-06, -0.009753
3.118318e-06, -0.008965
3.118368e-06, -0.008219
3.118418e-06, -0.007278
3.118468e-06, -0.007154
3.118518e-06, -0.007002
3.118568e-06, -0.005605
3.118618e-06, -0.004859
3.118668e-06, -0.005066
3.118718e-06, -0.004029
3.118768e-06, -0.002895
3.118818e-06, -0.003130
3.118868e-06, -0.002453
3.118918e-06, -0.000738
3.118968e-06, -0.000282
3.119018e-06, -0.000365
3.119068e-06, 0.000271
3.119118e-06, 0.000935
3.119168e-06, 0.001585
3.119218e-06, 0.002221
3.119268e-06, 0.002318
3.119318e-06, 0.002664
3.119368e-06, 0.003383
3.119418e-06, 0.003369
3.119468e-06, 0.003383
3.119518e-06, 0.004032
3.119568e-06, 0.003949
3.119618e-06, 0.003535
3.119668e-06, 0.004392
3.119718e-06, 0.005526
3.119768e-06, 0.005512
3.119818e-06, 0.005097
3.119868e-06, 0.004959
3.119918e-06, 0.004931
3.119968e-06, 0.005125
3.120018e-06, 0.005526
3.120068e-06, 0.005968
3.120118e-06, 0.006217
3.120168e-06, 0.005706
3.120218e-06, 0.005346
3.120268e-06, 0.006300
3.120318e-06, 0.006715
3.120368e-06, 0.005678
3.120418e-06, 0.005927
3.120468e-06, 0.007185
3.120518e-06, 0.006494
3.120568e-06, 0.005152
3.120618e-06, 0.005512
3.120668e-06, 0.006107
3.120718e-06, 0.005941
3.120768e-06, 0.005927
3.120818e-06, 0.005941
3.120868e-06, 0.005692
3.120918e-06, 0.005927
3.120968e-06, 0.006549
3.121018e-06, 0.006494
3.121068e-06, 0.005678
3.121118e-06, 0.005346
3.121168e-06, 0.005512
3.121218e-06, 0.004876
3.121268e-06, 0.004323
3.121318e-06, 0.005208
3.121368e-06, 0.005623
3.121418e-06, 0.004461
3.121468e-06, 0.003479
3.121518e-06, 0.003244
3.121568e-06, 0.003161
3.121618e-06, 0.003244
3.121668e-06, 0.003092
3.121718e-06, 0.002774
3.121768e-06, 0.002788
3.121818e-06, 0.002608
3.121868e-06, 0.002539
3.121918e-06, 0.002816
3.121968e-06, 0.002083
3.122018e-06, 0.001115
3.122068e-06, 0.001792
3.122118e-06, 0.002027
3.122168e-06, 0.000935
3.122218e-06, 0.001378
3.122268e-06, 0.002442
3.122318e-06, 0.001322
3.122368e-06, 0.000119
3.122418e-06, 0.000617
3.122468e-06, 0.000963
3.122518e-06, 0.000838
3.122568e-06, 0.001184
3.122618e-06, 0.001308
3.122668e-06, 0.000811
3.122718e-06, 0.000396
3.122768e-06, 0.000424
3.122818e-06, 0.000424
3.122868e-06, -0.000047
3.122918e-06, -0.000614
3.122968e-06, -0.000752
3.123018e-06, -0.000683
3.123068e-06, -0.000503
3.123118e-06, -0.000282
3.123168e-06, -0.000627
3.123218e-06, -0.001222
3.123268e-06, -0.001416
3.123318e-06, -0.001471
3.123368e-06, -0.001498
3.123418e-06, -0.001637
3.123468e-06, -0.002024
3.123518e-06, -0.001761
3.123568e-06, -0.001180
3.123618e-06, -0.001498
3.123668e-06, -0.001747
3.123718e-06, -0.001180
3.123768e-06, -0.001167
3.123818e-06, -0.001637
3.123868e-06, -0.001443
3.123918e-06, -0.001208
3.123968e-06, -0.001277
3.124018e-06, -0.001028
3.124068e-06, -0.000821
3.124118e-06, -0.000918
3.124168e-06, -0.000793
3.124218e-06, -0.000420
3.124268e-06, -0.000116
3.124318e-06, -0.000102
3.124368e-06, -0.000392
3.124418e-06, -0.000406
3.124468e-06, -0.000199
3.124518e-06, -0.000378
3.124568e-06, -0.000365
3.124618e-06, -0.000060
3.124668e-06, -0.000323
3.124718e-06, -0.000420
3.124768e-06, -0.000005
3.124818e-06, -0.000420
3.124868e-06, -0.000669
3.124918e-06, 0.000313
3.124968e-06, 0.000119
3.125018e-06, -0.001263
3.125068e-06, -0.000724
3.125118e-06, 0.000424
3.125168e-06, -0.000572
3.125218e-06, -0.001623
3.125268e-06, -0.001001
3.125318e-06, -0.000337
3.125368e-06, -0.000240
3.125418e-06, -0.000130
3.125468e-06, 0.000133
3.125518e-06, 0.000562
3.125568e-06, 0.000299
3.125618e-06, -0.000779
3.125668e-06, -0.000641
3.125718e-06, 0.000742
3.125768e-06, 0.000783
3.125818e-06, -0.000102
3.125868e-06, 0.000147
3.125918e-06, 0.000755
3.125968e-06, 0.000797
3.126018e-06, 0.000852
3.126068e-06, 0.000907
3.126118e-06, 0.001073
3.126168e-06, 0.001502
3.126218e-06, 0.001461
3.126268e-06, 0.001433
3.126318e-06, 0.001931
3.126368e-06, 0.001599
3.126418e-06, 0.001018
3.126468e-06, 0.001751
3.126518e-06, 0.002207
3.126568e-06, 0.001834
3.126618e-06, 0.002290
3.126668e-06, 0.002332
3.126718e-06, 0.001364
3.126768e-06, 0.001433
3.126818e-06, 0.001765
3.126868e-06, 0.001364
3.126918e-06, 0.002027
3.126968e-06, 0.002636
3.127018e-06, 0.001378
3.127068e-06, 0.001101
3.127118e-06, 0.002650
3.127168e-06, 0.002567
3.127218e-06, 0.001226
3.127268e-06, 0.001585
3.127318e-06, 0.002318
3.127368e-06, 0.001599
3.127418e-06, 0.001143
3.127468e-06, 0.001820
3.127518e-06, 0.002055
3.127568e-06, 0.001654
3.127618e-06, 0.001737
3.127668e-06, 0.001931
3.127718e-06, 0.001336
3.127768e-06, 0.001212
3.127818e-06, 0.002263
3.127868e-06, 0.002318
3.127918e-06, 0.001253
3.127968e-06, 0.001903
3.128018e-06, 0.003161
3.128068e-06, 0.002498
3.128118e-06, 0.002083
3.128168e-06, 0.002968
3.128218e-06, 0.002622
3.128268e-06, 0.002221
3.128318e-06, 0.003410
3.128368e-06, 0.004088
3.128418e-06, 0.004862
3.128468e-06, 0.007572
3.128518e-06, 0.009868
3.128568e-06, 0.011237
3.128618e-06, 0.013795
3.128668e-06, 0.016394
3.128718e-06, 0.018371
3.128768e-06, 0.021151
3.128818e-06, 0.023183
3.128868e-06, 0.023280
3.128918e-06, 0.023391
3.128968e-06, 0.023764
3.129018e-06, 0.023792
3.129068e-06, 0.024165
3.129118e-06, 0.024373
3.129168e-06, 0.024165
3.129218e-06, 0.024995
3.129268e-06, 0.026142
3.129318e-06, 0.026350
3.129368e-06, 0.027207
3.129418e-06, 0.028756
3.129468e-06, 0.028714
3.129518e-06, 0.028023
3.129568e-06, 0.028562
3.129618e-06, 0.028811
3.129668e-06, 0.027705
3.129718e-06, 0.026751
3.129768e-06, 0.026391
3.129818e-06, 0.026073
3.129868e-06, 0.025672
3.129918e-06, 0.024926
3.129968e-06, 0.024248
3.130018e-06, 0.024151
3.130068e-06, 0.023612
3.130118e-06, 0.022893
3.130168e-06, 0.023266
3.130218e-06, 0.022810
3.130268e-06, 0.020501
3.130318e-06, 0.019118
3.130368e-06, 0.018759
3.130418e-06, 0.017072
3.130468e-06, 0.015385
3.130518e-06, 0.015288
3.130568e-06, 0.014873
3.130618e-06, 0.013352
3.130668e-06, 0.011873
3.130718e-06, 0.010836
3.130768e-06, 0.010199
3.130818e-06, 0.009508
3.130868e-06, 0.008347
3.130918e-06, 0.007586
3.130968e-06, 0.006909
3.131018e-06, 0.005125
3.131068e-06, 0.003576
3.131118e-06, 0.003300
3.131168e-06, 0.002373
3.131218e-06, 0.000465
3.131268e-06, -0.000282
3.131318e-06, 0.000119
3.131368e-06, -0.000019
3.131418e-06, -0.000876
3.131468e-06, -0.001789
3.131518e-06, -0.002052
3.131568e-06, -0.001747
3.131618e-06, -0.002218
3.131668e-06, -0.003351
3.131718e-06, -0.003573
3.131768e-06, -0.003614
3.131818e-06, -0.004402
3.131868e-06, -0.004319
3.131918e-06, -0.003310
3.131968e-06, -0.003586
3.132018e-06, -0.004651
3.132068e-06, -0.004762
3.132118e-06, -0.004679
3.132168e-06, -0.004969
3.132218e-06, -0.004610
3.132268e-06, -0.004195
3.132318e-06, -0.004955
3.132368e-06, -0.005730
3.132418e-06, -0.005467
3.132468e-06, -0.005094
3.132518e-06, -0.004845
3.132568e-06, -0.004250
3.132618e-06, -0.004209
3.132668e-06, -0.004872
3.132718e-06, -0.004872
3.132768e-06, -0.004222
3.132818e-06, -0.003974
3.132868e-06, -0.004430
3.132918e-06, -0.005190
3.132968e-06, -0.005066
3.133018e-06, -0.003725
3.133068e-06, -0.003255
3.133118e-06, -0.003974
3.133168e-06, -0.003476
3.133218e-06, -0.002148
3.133268e-06, -0.002204
3.133318e-06, -0.002522
3.133368e-06, -0.001512
3.133418e-06, -0.000503
3.133468e-06, -0.000448
3.133518e-06, -0.000544
3.133568e-06, -0.000337
3.133618e-06, 0.000175
3.133668e-06, 0.000755
3.133718e-06, 0.001156
3.133768e-06, 0.001571
3.133818e-06, 0.001696
3.133868e-06, 0.001212
3.133918e-06, 0.001336
3.133968e-06, 0.002332
3.134018e-06, 0.002511
3.134068e-06, 0.001903
3.134118e-06, 0.002000
3.134168e-06, 0.002733
3.134218e-06, 0.003134
3.134268e-06, 0.002802
3.134318e-06, 0.002415
3.134368e-06, 0.002954
3.134418e-06, 0.003562
3.134468e-06, 0.003217
3.134518e-06, 0.002995
3.134568e-06, 0.003120
3.134618e-06, 0.002926
3.134668e-06, 0.003217
3.134718e-06, 0.003784
3.134768e-06, 0.003327
3.134818e-06, 0.002982
3.134868e-06, 0.003313
3.134918e-06, 0.002733
3.134968e-06, 0.002193
3.135018e-06, 0.003120
3.135068e-06, 0.003618
3.135118e-06, 0.003092
3.135168e-06, 0.003230
3.135218e-06, 0.003466
3.135268e-06, 0.002982
3.135318e-06, 0.002899
3.135368e-06, 0.002747
3.135418e-06, 0.002359
3.135468e-06, 0.003148
3.135518e-06, 0.003286
3.135568e-06, 0.001295
3.135618e-06, 0.001087
3.135668e-06, 0.003217
3.135718e-06, 0.002843
3.135768e-06, 0.001101
3.135818e-06, 0.002069
3.135868e-06, 0.003037
3.135918e-06, 0.001848
3.135968e-06, 0.001613
3.136018e-06, 0.002138
3.136068e-06, 0.001281
3.136118e-06, 0.001226
3.136168e-06, 0.002484
3.136218e-06, 0.002083
3.136268e-06, 0.001226
3.136318e-06, 0.001875
3.136368e-06, 0.001391
3.136418e-06, 0.000064
3.136468e-06, 0.001267
3.136518e-06, 0.002470
3.136568e-06, 0.001032
3.136618e-06, 0.000659
3.136668e-06, 0.001889
3.136718e-06, 0.001405
3.136768e-06, 0.000548
3.136818e-06, 0.000880
3.136868e-06, 0.000506
3.136918e-06, 0.000424
3.136968e-06, 0.001544
3.137018e-06, 0.001239
3.137068e-06, 0.000147
3.137118e-06, 0.000659
3.137168e-06, 0.000935
3.137218e-06, 0.000023
3.137268e-06, -0.000088
3.137318e-06, 0.000354
3.137368e-06, 0.000562
3.137418e-06, 0.000783
3.137468e-06, 0.000188
3.137518e-06, -0.000766
3.137568e-06, -0.000240
3.137618e-06, 0.000700
3.137668e-06, 0.000617
3.137718e-06, 0.000714
3.137768e-06, 0.001032
3.137818e-06, 0.000271
3.137868e-06, -0.000309
3.137918e-06, 0.000576
3.137968e-06, 0.001295
3.138018e-06, 0.001004
3.138068e-06, 0.000894
3.138118e-06, 0.001156
3.138168e-06, 0.001226
3.138218e-06, 0.001308
3.138268e-06, 0.001488
3.138318e-06, 0.001502
3.138368e-06, 0.001433
3.138418e-06, 0.001322
3.138468e-06, 0.001391
3.138518e-06, 0.001834
3.138568e-06, 0.001986
3.138618e-06, 0.001654
3.138668e-06, 0.001917
3.138718e-06, 0.002359
3.138768e-06, 0.001433
3.138818e-06, 0.000382
3.138868e-06, 0.000977
3.138918e-06, 0.001626
3.138968e-06, 0.001087
3.139018e-06, 0.001226
3.139068e-06, 0.002083
3.139118e-06, 0.001585
3.139168e-06, 0.000825
3.139218e-06, 0.001585
3.139268e-06, 0.001945
3.139318e-06, 0.000755
3.139368e-06, 0.000105
3.139418e-06, 0.000603
3.139468e-06, 0.000935
3.139518e-06, 0.000700
3.139568e-06, -0.000088
3.139618e-06, -0.000268
3.139668e-06, 0.001143
3.139718e-06, 0.001682
3.139768e-06, 0.000327
3.139818e-06, 0.000133
3.139868e-06, 0.000949
3.139918e-06, 0.000589
3.139968e-06, 0.000700
3.140018e-06, 0.001378
3.140068e-06, 0.000354
3.140118e-06, -0.000213
3.140168e-06, 0.001087
3.140218e-06, 0.001004
3.140268e-06, -0.000392
3.140318e-06, -0.000461
3.140368e-06, -0.000213
3.140418e-06, -0.000143
3.140468e-06, 0.000327
3.140518e-06, -0.000033
3.140568e-06, -0.000365
3.140618e-06, 0.000341
3.140668e-06, -0.000185
3.140718e-06, -0.001070
3.140768e-06, -0.000005
3.140818e-06, 0.000092
3.140868e-06, -0.001084
3.140918e-06, 0.000119
3.140968e-06, 0.001143
3.141018e-06, -0.000614
3.141068e-06, -0.000862
3.141118e-06, 0.000576
3.141168e-06, -0.000033
3.141218e-06, -0.001028
3.141268e-06, -0.000779
3.141318e-06, -0.000738
3.141368e-06, -0.000240
3.141418e-06, 0.000188
3.141468e-06, -0.000959
3.141518e-06, -0.001263
3.141568e-06, -0.000351
3.141618e-06, -0.000987
3.141668e-06, -0.001291
3.141718e-06, 0.000009
3.141768e-06, -0.000282
3.141818e-06, -0.001153
3.141868e-06, -0.000240
3.141918e-06, -0.000268
3.141968e-06, -0.001180
3.142018e-06, -0.000130
3.142068e-06, 0.000493
3.142118e-06, -0.000503
3.142168e-06, 0.000036
3.142218e-06, 0.000838
3.142268e-06, -0.000157
3.142318e-06, 0.000105
3.142368e-06, 0.001405
3.142418e-06, 0.000838
3.142468e-06, 0.000451
3.142518e-06, 0.001599
3.142568e-06, 0.001903
3.142618e-06, 0.001917
3.142668e-06, 0.002622
3.142718e-06, 0.002428
3.142768e-06, 0.002000
3.142818e-06, 0.002401
3.142868e-06, 0.002553
3.142918e-06, 0.003106
3.142968e-06, 0.003991
3.143018e-06, 0.003313
3.143068e-06, 0.002968
3.143118e-06, 0.004143
3.143168e-06, 0.003687
3.143218e-06, 0.002843
3.143268e-06, 0.004765
3.143318e-06, 0.005913
3.143368e-06, 0.004461
3.143418e-06, 0.004655
3.143468e-06, 0.006466
3.143518e-06, 0.006729
3.143568e-06, 0.006438
3.143618e-06, 0.007227
3.143668e-06, 0.008582
3.143718e-06, 0.010047
3.143768e-06, 0.011237
3.143818e-06, 0.012536
3.143868e-06, 0.014970
3.143918e-06, 0.017874
3.143968e-06, 0.020847
3.144018e-06, 0.024677
3.144068e-06, 0.028244
3.144118e-06, 0.031245
3.144168e-06, 0.035476
3.144218e-06, 0.039749
3.144268e-06, 0.042196
3.144318e-06, 0.044879
3.144368e-06, 0.048391
3.144418e-06, 0.050755
3.144468e-06, 0.053134
3.144518e-06, 0.056383
3.144568e-06, 0.058651
3.144618e-06, 0.060504
3.144668e-06, 0.063020
3.144718e-06, 0.064596
3.144768e-06, 0.065965
3.144818e-06, 0.068537
3.144868e-06, 0.070390
3.144918e-06, 0.071206
3.144968e-06, 0.072879
3.145018e-06, 0.074428
3.145068e-06, 0.075050
3.145118e-06, 0.075810
3.145168e-06, 0.075783
3.145218e-06, 0.074704
3.145268e-06, 0.074801
3.145318e-06, 0.075548
3.145368e-06, 0.074608
3.145418e-06, 0.073405
3.145468e-06, 0.073861
3.145518e-06, 0.074124
3.145568e-06, 0.073031
3.145618e-06, 0.072188
3.145668e-06, 0.071662
3.145718e-06, 0.070114
3.145768e-06, 0.068192
3.145818e-06, 0.066850
3.145868e-06, 0.065551
3.145918e-06, 0.063670
3.145968e-06, 0.061070
3.146018e-06, 0.058305
3.146068e-06, 0.056383
3.146118e-06, 0.054751
3.146168e-06, 0.052470
3.146218e-06, 0.050700
3.146268e-06, 0.049649
3.146318e-06, 0.047285
3.146368e-06, 0.043814
3.146418e-06, 0.041062
3.146468e-06, 0.038477
3.146518e-06, 0.035697
3.146568e-06, 0.034038
3.146618e-06, 0.032282
3.146668e-06, 0.028839
3.146718e-06, 0.025755
3.146768e-06, 0.023902
3.146818e-06, 0.021275
3.146868e-06, 0.018468
3.146918e-06, 0.016823
3.146968e-06, 0.014583
3.147018e-06, 0.011513
3.147068e-06, 0.009301
3.147118e-06, 0.007130
3.147168e-06, 0.004392
3.147218e-06, 0.002470
3.147268e-06, 0.000769
3.147318e-06, -0.001305
3.147368e-06, -0.002784
3.147418e-06, -0.004762
3.147468e-06, -0.007361
3.147518e-06, -0.008122
3.147568e-06, -0.008426
3.147618e-06, -0.010472
3.147668e-06, -0.011634
3.147718e-06, -0.011731
3.147768e-06, -0.013777
3.147818e-06, -0.015589
3.147868e-06, -0.015036
3.147918e-06, -0.015188
3.147968e-06, -0.016695
3.148018e-06, -0.017359
3.148068e-06, -0.017538
3.148118e-06, -0.017967
3.148168e-06, -0.018465
3.148218e-06, -0.018990
3.148268e-06, -0.018880
3.148318e-06, -0.018631
3.148368e-06, -0.019087
3.148418e-06, -0.018921
3.148468e-06, -0.018465
3.148518e-06, -0.019115
3.148568e-06, -0.018783
3.148618e-06, -0.017400
3.148668e-06, -0.018257
3.148718e-06, -0.019294
3.148768e-06, -0.017607
3.148818e-06, -0.016778
3.148868e-06, -0.017704
3.148918e-06, -0.017123
3.148968e-06, -0.016321
3.149018e-06, -0.016557
3.149068e-06, -0.015547
3.149118e-06, -0.014621
3.149168e-06, -0.015450
3.149218e-06, -0.015077
3.149268e-06, -0.013570
3.149318e-06, -0.013501
3.149368e-06, -0.013100
3.149418e-06, -0.011523
3.149468e-06, -0.010956
3.149518e-06, -0.010583
3.149568e-06, -0.009505
3.149618e-06, -0.009325
3.149668e-06, -0.009104
3.149718e-06, -0.007735
3.149768e-06, -0.007361
3.149818e-06, -0.007790
3.149868e-06, -0.006670
3.149918e-06, -0.005149
3.149968e-06, -0.004693
3.150018e-06, -0.004001
3.150068e-06, -0.003047
3.150118e-06, -0.003075
3.150168e-06, -0.003102
3.150218e-06, -0.001941
3.150268e-06, -0.000973
3.150318e-06, -0.001042
3.150368e-06, -0.000544
3.150418e-06, 0.001143
3.150468e-06, 0.002235
3.150518e-06, 0.001903
3.150568e-06, 0.001654
3.150618e-06, 0.002332
3.150668e-06, 0.002940
3.150718e-06, 0.003051
3.150768e-06, 0.003424
3.150818e-06, 0.004115
3.150868e-06, 0.004516
3.150918e-06, 0.004765
3.150968e-06, 0.005139
3.151018e-06, 0.005249
3.151068e-06, 0.005056
3.151118e-06, 0.005097
3.151168e-06, 0.005581
3.151218e-06, 0.006079
3.151268e-06, 0.006273
3.151318e-06, 0.006508
3.151368e-06, 0.007074
3.151418e-06, 0.007157
3.151468e-06, 0.006314
3.151518e-06, 0.005872
3.151568e-06, 0.006604
3.151618e-06, 0.007240
3.151668e-06, 0.006978
3.151718e-06, 0.006632
3.151768e-06, 0.006743
3.151818e-06, 0.006895
3.151868e-06, 0.006452
3.151918e-06, 0.005692
3.151968e-06, 0.005761
3.152018e-06, 0.006812
3.152068e-06, 0.007379
3.152118e-06, 0.006936
3.152168e-06, 0.006521
3.152218e-06, 0.006397
3.152268e-06, 0.006051
3.152318e-06, 0.005650
3.152368e-06, 0.005263
3.152418e-06, 0.005014
3.152468e-06, 0.005512
3.152518e-06, 0.006079
3.152568e-06, 0.005222
3.152618e-06, 0.004171
3.152668e-06, 0.004751
3.152718e-06, 0.005125
3.152768e-06, 0.004032
3.152818e-06, 0.003728
3.152868e-06, 0.004350
3.152918e-06, 0.003535
3.152968e-06, 0.002373
3.153018e-06, 0.002899
3.153068e-06, 0.003355
3.153118e-06, 0.002511
3.153168e-06, 0.002124
3.153218e-06, 0.002290
3.153268e-06, 0.001751
3.153318e-06, 0.001419
3.153368e-06, 0.001405
3.153418e-06, 0.000714
3.153468e-06, 0.000700
3.153518e-06, 0.001599
3.153568e-06, 0.001184
3.153618e-06, 0.000465
3.153668e-06, 0.001322
3.153718e-06, 0.001170
3.153768e-06, -0.000323
3.153818e-06, 0.000424
3.153868e-06, 0.001945
3.153918e-06, 0.000880
3.153968e-06, -0.000254
3.154018e-06, 0.000506
3.154068e-06, 0.000825
3.154118e-06, 0.000299
3.154168e-06, -0.000047
3.154218e-06, -0.000296
3.154268e-06, -0.000019
3.154318e-06, 0.000534
3.154368e-06, 0.000133
3.154418e-06, -0.000724
3.154468e-06, -0.000862
3.154518e-06, -0.000517
3.154568e-06, -0.000074
3.154618e-06, 0.000133
3.154668e-06, 0.000064
3.154718e-06, 0.000202
3.154768e-06, 0.000479
3.154818e-06, 0.000548
3.154868e-06, 0.000465
3.154918e-06, 0.000050
3.154968e-06, -0.000378
3.155018e-06, -0.000213
3.155068e-06, -0.000019
3.155118e-06, -0.000213
3.155168e-06, -0.000213
3.155218e-06, 0.000119
3.155268e-06, 0.000617
3.155318e-06, 0.000811
3.155368e-06, 0.000244
3.155418e-06, -0.000282
3.155468e-06, -0.000226
3.155518e-06, -0.000033
3.155568e-06, 0.000437
3.155618e-06, 0.000769
3.155668e-06, 0.000119
3.155718e-06, -0.000185
3.155768e-06, 0.000506
3.155818e-06, 0.000410
3.155868e-06, 0.000271
3.155918e-06, 0.001198
3.155968e-06, 0.000866
3.156018e-06, -0.000434
3.156068e-06, 0.000023
3.156118e-06, 0.000714
3.156168e-06, 0.000119
3.156218e-06, 0.000092
3.156268e-06, 0.000105
3.156318e-06, -0.000544
3.156368e-06, 0.000548
3.156418e-06, 0.002193
3.156468e-06, 0.001101
3.156518e-06, -0.000268
3.156568e-06, 0.000548
3.156618e-06, 0.000714
3.156668e-06, -0.000282
3.156718e-06, 0.000327
3.156768e-06, 0.001433
3.156818e-06, 0.000672
3.156868e-06, -0.000199
3.156918e-06, 0.000313
3.156968e-06, 0.000659
3.157018e-06, 0.000838
3.157068e-06, 0.001654
3.157118e-06, 0.001613
3.157168e-06, 0.000659
3.157218e-06, 0.000990
3.157268e-06, 0.001834
3.157318e-06, 0.001516
3.157368e-06, 0.001267
3.157418e-06, 0.001640
3.157468e-06, 0.001654
3.157518e-06, 0.001626
3.157568e-06, 0.001640
3.157618e-06, 0.001308
3.157668e-06, 0.001668
3.157718e-06, 0.002263
3.157768e-06, 0.001474
3.157818e-06, 0.000631
3.157868e-06, 0.001073
3.157918e-06, 0.001447
3.157968e-06, 0.001447
3.158018e-06, 0.001779
3.158068e-06, 0.001654
3.158118e-06, 0.001101
3.158168e-06, 0.001502
3.158218e-06, 0.002263
3.158268e-06, 0.002041
3.158318e-06, 0.001405
3.158368e-06, 0.001336
3.158418e-06, 0.001779
3.158468e-06, 0.002387
3.158518e-06, 0.002276
3.158568e-06, 0.001308
3.158618e-06, 0.001101
3.158668e-06, 0.001862
3.158718e-06, 0.001917
3.158768e-06, 0.001682
3.158818e-06, 0.002000
3.158868e-06, 0.001779
3.158918e-06, 0.001322
3.158968e-06, 0.001626
3.159018e-06, 0.001350
3.159068e-06, 0.000894
3.159118e-06, 0.002014
3.159168e-06, 0.002442
3.159218e-06, 0.001073
3.159268e-06, 0.001308
3.159318e-06, 0.002899
3.159368e-06, 0.002567
3.159418e-06, 0.001585
3.159468e-06, 0.002069
3.159518e-06, 0.002442
3.159568e-06, 0.002539
3.159618e-06, 0.004046
3.159668e-06, 0.005775
3.159718e-06, 0.006245
3.159768e-06, 0.007503
3.159818e-06, 0.010739
3.159868e-06, 0.013822
3.159918e-06, 0.015800
3.159968e-06, 0.017998
3.160018e-06, 0.020183
3.160068e-06, 0.021579
3.160118e-06, 0.022451
3.160168e-06, 0.022451
3.160218e-06, 0.021856
3.160268e-06, 0.022409
3.160318e-06, 0.023197
3.160368e-06, 0.022603
3.160418e-06, 0.022782
3.160468e-06, 0.024760
3.160518e-06, 0.025645
3.160568e-06, 0.025534
3.160618e-06, 0.026640
3.160668e-06, 0.027581
3.160718e-06, 0.027290
3.160768e-06, 0.027470
3.160818e-06, 0.027940
3.160868e-06, 0.027387
3.160918e-06, 0.026295
3.160968e-06, 0.025493
3.161018e-06, 0.025769
3.161068e-06, 0.026350
3.161118e-06, 0.025133
3.161168e-06, 0.024027
3.161218e-06, 0.025216
3.161268e-06, 0.025078
3.161318e-06, 0.023059
3.161368e-06, 0.023349
3.161418e-06, 0.023847
3.161468e-06, 0.021801
3.161518e-06, 0.021109
3.161568e-06, 0.021579
3.161618e-06, 0.019644
3.161668e-06, 0.018136
3.161718e-06, 0.018219
3.161768e-06, 0.016449
3.161818e-06, 0.014666
3.161868e-06, 0.014859
3.161918e-06, 0.013573
3.161968e-06, 0.011568
3.162018e-06, 0.011900
3.162068e-06, 0.011444
3.162118e-06, 0.008789
3.162168e-06, 0.007558
3.162218e-06, 0.007393
3.162268e-06, 0.006107
3.162318e-06, 0.005056
3.162368e-06, 0.004350
3.162418e-06, 0.002995
3.162468e-06, 0.002276
3.162518e-06, 0.001585
3.162568e-06, 0.000092
3.162618e-06, -0.000005
3.162668e-06, 0.000382
3.162718e-06, -0.001374
3.162768e-06, -0.002577
3.162818e-06, -0.001996
3.162868e-06, -0.003061
3.162918e-06, -0.004388
3.162968e-06, -0.003324
3.163018e-06, -0.003434
3.163068e-06, -0.005066
3.163118e-06, -0.004195
3.163168e-06, -0.003600
3.163218e-06, -0.006048
3.163268e-06, -0.006352
3.163318e-06, -0.004153
3.163368e-06, -0.004928
3.163418e-06, -0.006380
3.163468e-06, -0.005107
3.163518e-06, -0.005135
3.163568e-06, -0.006628
3.163618e-06, -0.005688
3.163668e-06, -0.004886
3.163718e-06, -0.006131
3.163768e-06, -0.005826
3.163818e-06, -0.004762
3.163868e-06, -0.005605
3.163918e-06, -0.005896
3.163968e-06, -0.005260
3.164018e-06, -0.006103
3.164068e-06, -0.006241
3.164118e-06, -0.004776
3.164168e-06, -0.005273
3.164218e-06, -0.006573
3.164268e-06, -0.005218
3.164318e-06, -0.003711
3.164368e-06, -0.004015
3.164418e-06, -0.003628
3.164468e-06, -0.002909
3.164518e-06, -0.003697
3.164568e-06, -0.003752
3.164618e-06, -0.002411
3.164668e-06, -0.002480
3.164718e-06, -0.002840
3.164768e-06, -0.001498
3.164818e-06, -0.001305
3.164868e-06, -0.002342
3.164918e-06, -0.000779
3.164968e-06, 0.001239
3.165018e-06, 0.000354
3.165068e-06, 0.000175
3.165118e-06, 0.002083
3.165168e-06, 0.002110
3.165218e-06, 0.001143
3.165268e-06, 0.002014
3.165318e-06, 0.002470
3.165368e-06, 0.001945
3.165418e-06, 0.002802
3.165468e-06, 0.003410
3.165518e-06, 0.002346
3.165568e-06, 0.002401
3.165618e-06, 0.003244
3.165668e-06, 0.002664
3.165718e-06, 0.002484
3.165768e-06, 0.003230
3.165818e-06, 0.002691
3.165868e-06, 0.002318
3.165918e-06, 0.003383
3.165968e-06, 0.003535
3.166018e-06, 0.003230
3.166068e-06, 0.004129
3.166118e-06, 0.004240
3.166168e-06, 0.003148
3.166218e-06, 0.003327
3.166268e-06, 0.004171
3.166318e-06, 0.003590
3.166368e-06, 0.002594
3.166418e-06, 0.002636
3.166468e-06, 0.003286
3.166518e-06, 0.003659
3.166568e-06, 0.003410
3.166618e-06, 0.002954
3.166668e-06, 0.002954
3.166718e-06, 0.003230
3.166768e-06, 0.003369
3.166818e-06, 0.003714
3.166868e-06, 0.004088
3.166918e-06, 0.003507
3.166968e-06, 0.002470
3.167018e-06, 0.002415
3.167068e-06, 0.002774
3.167118e-06, 0.002152
3.167168e-06, 0.001626
3.167218e-06, 0.002401
3.167268e-06, 0.003037
3.167318e-06, 0.002747
3.167368e-06, 0.002677
3.167418e-06, 0.002263
3.167468e-06, 0.000811
3.167518e-06, 0.000396
3.167568e-06, 0.001419
3.167618e-06, 0.001488
3.167668e-06, 0.000894
3.167718e-06, 0.000921
3.167768e-06, 0.000686
3.167818e-06, 0.000769
3.167868e-06, 0.001640
3.167918e-06, 0.000838
3.167968e-06, -0.000655
3.168018e-06, 0.000064
3.168068e-06, 0.000465
3.168118e-06, -0.001125
3.168168e-06, -0.001346
3.168218e-06, -0.000185
3.168268e-06, -0.000337
3.168318e-06, -0.000724
3.168368e-06, -0.000600
3.168418e-06, -0.001167
3.168468e-06, -0.001222
3.168518e-06, -0.000157
3.168568e-06, 0.000009
3.168618e-06, -0.000337
3.168668e-06, 0.000230
3.168718e-06, 0.000036
3.168768e-06, -0.001180
3.168818e-06, -0.000890
3.168868e-06, -0.000047
3.168918e-06, -0.000807
3.168968e-06, -0.000807
3.169018e-06, 0.001115
3.169068e-06, 0.001640
3.169118e-06, 0.000714
3.169168e-06, 0.001419
3.169218e-06, 0.002387
3.169268e-06, 0.001350
3.169318e-06, 0.000755
3.169368e-06, 0.001723
3.169418e-06, 0.001945
3.169468e-06, 0.001198
3.169518e-06, 0.000797
3.169568e-06, 0.000797
3.169618e-06, 0.001336
3.169668e-06, 0.001986
3.169718e-06, 0.001737
3.169768e-06, 0.001544
3.169818e-06, 0.002110
3.169868e-06, 0.001931
3.169918e-06, 0.001184
3.169968e-06, 0.001433
3.170018e-06, 0.001709
3.170068e-06, 0.001018
3.170118e-06, 0.000742
3.170168e-06, 0.001308
3.170218e-06, 0.001350
3.170268e-06, 0.001032
3.170318e-06, 0.001073
3.170368e-06, 0.000686
3.170418e-06, 0.000175
3.170468e-06, 0.000783
3.170518e-06, 0.001364
3.170568e-06, 0.001032
3.170618e-06, 0.001143
3.170668e-06, 0.001308
3.170718e-06, 0.000631
3.170768e-06, 0.000659
3.170818e-06, 0.001281
3.170868e-06, 0.000686
3.170918e-06, 0.000299
3.170968e-06, 0.000921
3.171018e-06, 0.000506
3.171068e-06, -0.000157
3.171118e-06, 0.000631
3.171168e-06, 0.000659
3.171218e-06, -0.000586
3.171268e-06, -0.000489
3.171318e-06, 0.000341
3.171368e-06, 0.000161
3.171418e-06, 0.000147
3.171468e-06, 0.000327
3.171518e-06, -0.000171
3.171568e-06, -0.000088
3.171618e-06, 0.000645
3.171668e-06, 0.000451
3.171718e-06, 0.000105
3.171768e-06, 0.000479
3.171818e-06, 0.000230
3.171868e-06, -0.000489
3.171918e-06, -0.000406
3.171968e-06, -0.000060
3.172018e-06, -0.000282
3.172068e-06, -0.000365
3.172118e-06, 0.000258
3.172168e-06, 0.000506
3.172218e-06, -0.000296
3.172268e-06, -0.000807
3.172318e-06, -0.000420
3.172368e-06, -0.000240
3.172418e-06, -0.000268
3.172468e-06, -0.000130
3.172518e-06, -0.000157
3.172568e-06, 0.000410
3.172618e-06, 0.001046
3.172668e-06, -0.000143
3.172718e-06, -0.001346
3.172768e-06, -0.000461
3.172818e-06, -0.000088
3.172868e-06, -0.000945
3.172918e-06, -0.000475
3.172968e-06, 0.000078
3.173018e-06, -0.000849
3.173068e-06, -0.001084
3.173118e-06, -0.000268
3.173168e-06, -0.000143
3.173218e-06, -0.000282
3.173268e-06, -0.000116
3.173318e-06, -0.000019
3.173368e-06, 0.000064
3.173418e-06, -0.000171
3.173468e-06, -0.000406
3.173518e-06, 0.000092
3.173568e-06, 0.000230
3.173618e-06, -0.000254
3.173668e-06, 0.000202
3.173718e-06, 0.000825
3.173768e-06, 0.000341
3.173818e-06, 0.000382
3.173868e-06, 0.001267
3.173918e-06, 0.001364
3.173968e-06, 0.001433
3.174018e-06, 0.001958
3.174068e-06, 0.001544
3.174118e-06, 0.001295
3.174168e-06, 0.002553
3.174218e-06, 0.003148
3.174268e-06, 0.002304
3.174318e-06, 0.002180
3.174368e-06, 0.002982
3.174418e-06, 0.003341
3.174468e-06, 0.003535
3.174518e-06, 0.003797
3.174568e-06, 0.003714
3.174618e-06, 0.003936
3.174668e-06, 0.004226
3.174718e-06, 0.003839
3.174768e-06, 0.003922
3.174818e-06, 0.004890
3.174868e-06, 0.005166
3.174918e-06, 0.005305
3.174968e-06, 0.006618
3.175018e-06, 0.008319
3.175068e-06, 0.010269
3.175118e-06, 0.013006
3.175168e-06, 0.015938
3.175218e-06, 0.019077
3.175268e-06, 0.022478
3.175318e-06, 0.025410
3.175368e-06, 0.028645
3.175418e-06, 0.032904
3.175468e-06, 0.036956
3.175518e-06, 0.040412
3.175568e-06, 0.043551
3.175618e-06, 0.046165
3.175668e-06, 0.049027
3.175718e-06, 0.052124
3.175768e-06, 0.054115
3.175818e-06, 0.055622
3.175868e-06, 0.058028
3.175918e-06, 0.060739
3.175968e-06, 0.062896
3.176018e-06, 0.064320
3.176068e-06, 0.065523
3.176118e-06, 0.067597
3.176168e-06, 0.069754
3.176218e-06, 0.070487
3.176268e-06, 0.070957
3.176318e-06, 0.071939
3.176368e-06, 0.072202
3.176418e-06, 0.072630
3.176468e-06, 0.073806
3.176518e-06, 0.073418
3.176568e-06, 0.072049
3.176618e-06, 0.072271
3.176668e-06, 0.072810
3.176718e-06, 0.072589
3.176768e-06, 0.072533
3.176818e-06, 0.071621
3.176868e-06, 0.070017
3.176918e-06, 0.069699
3.176968e-06, 0.069090
3.177018e-06, 0.066906
3.177068e-06, 0.065716
3.177118e-06, 0.065537
3.177168e-06, 0.064265
3.177218e-06, 0.062356
3.177268e-06, 0.060268
3.177318e-06, 0.057890
3.177368e-06, 0.056286
3.177418e-06, 0.055028
3.177468e-06, 0.053106
3.177518e-06, 0.051032
3.177568e-06, 0.048695
3.177618e-06, 0.046289
3.177668e-06, 0.044879
3.177718e-06, 0.042887
3.177768e-06, 0.039251
3.177818e-06, 0.036762
3.177868e-06, 0.035697
3.177918e-06, 0.032959
3.177968e-06, 0.029585
3.178018e-06, 0.028106
3.178068e-06, 0.026350
3.178118e-06, 0.022810
3.178168e-06, 0.019989
3.178218e-06, 0.018371
3.178268e-06, 0.016007
3.178318e-06, 0.013200
3.178368e-06, 0.010836
3.178418e-06, 0.008305
3.178468e-06, 0.006328
3.178518e-06, 0.005415
3.178568e-06, 0.003313
3.178618e-06, -0.000047
3.178668e-06, -0.001595
3.178718e-06, -0.002245
3.178768e-06, -0.004789
3.178818e-06, -0.006946
3.178868e-06, -0.007569
3.178918e-06, -0.009297
3.178968e-06, -0.010970
3.179018e-06, -0.010915
3.179068e-06, -0.012201
3.179118e-06, -0.014399
3.179168e-06, -0.014303
3.179218e-06, -0.014330
3.179268e-06, -0.016156
3.179318e-06, -0.016515
3.179368e-06, -0.016073
3.179418e-06, -0.017538
3.179468e-06, -0.018465
3.179518e-06, -0.017469
3.179568e-06, -0.017400
3.179618e-06, -0.018465
3.179668e-06, -0.018658
3.179718e-06, -0.018506
3.179768e-06, -0.018534
3.179818e-06, -0.018257
3.179868e-06, -0.018617
3.179918e-06, -0.019225
3.179968e-06, -0.017981
3.180018e-06, -0.016819
3.180068e-06, -0.018105
3.180118e-06, -0.018354
3.180168e-06, -0.016142
3.180218e-06, -0.015907
3.180268e-06, -0.017441
3.180318e-06, -0.016833
3.180368e-06, -0.016086
3.180418e-06, -0.017248
3.180468e-06, -0.016875
3.180518e-06, -0.014607
3.180568e-06, -0.013750
3.180618e-06, -0.013708
3.180668e-06, -0.012809
3.180718e-06, -0.012132
3.180768e-06, -0.011772
3.180818e-06, -0.010721
3.180868e-06, -0.009767
3.180918e-06, -0.009242
3.180968e-06, -0.008371
3.181018e-06, -0.007583
3.181068e-06, -0.007057
3.181118e-06, -0.005979
3.181168e-06, -0.005080
3.181218e-06, -0.005011
3.181268e-06, -0.004554
3.181318e-06, -0.003766
3.181368e-06, -0.003531
3.181418e-06, -0.002632
3.181468e-06, -0.000918
3.181518e-06, -0.000558
3.181568e-06, -0.001098
3.181618e-06, -0.000060
3.181668e-06, 0.001640
3.181718e-06, 0.001696
3.181768e-06, 0.001239
3.181818e-06, 0.001682
3.181868e-06, 0.001986
3.181918e-06, 0.002069
3.181968e-06, 0.002899
3.182018e-06, 0.003300
3.182068e-06, 0.002664
3.182118e-06, 0.003134
3.182168e-06, 0.004765
3.182218e-06, 0.004931
3.182268e-06, 0.004032
3.182318e-06, 0.004793
3.182368e-06, 0.006521
3.182418e-06, 0.006369
3.182468e-06, 0.004807
3.182518e-06, 0.004544
3.182568e-06, 0.005678
3.182618e-06, 0.006466
3.182668e-06, 0.006563
3.182718e-06, 0.006521
3.182768e-06, 0.006466
3.182818e-06, 0.006618
3.182868e-06, 0.006895
3.182918e-06, 0.006853
3.182968e-06, 0.006964
3.183018e-06, 0.007185
3.183068e-06, 0.006770
3.183118e-06, 0.006632
3.183168e-06, 0.007558
3.183218e-06, 0.007932
3.183268e-06, 0.007185
3.183318e-06, 0.006770
3.183368e-06, 0.006784
3.183418e-06, 0.006452
3.183468e-06, 0.006176
3.183518e-06, 0.006010
3.183568e-06, 0.005388
3.183618e-06, 0.005070
3.183668e-06, 0.005664
3.183718e-06, 0.005927
3.183768e-06, 0.005125
3.183818e-06, 0.004295
3.183868e-06, 0.004185
3.183918e-06, 0.004475
3.183968e-06, 0.004793
3.184018e-06, 0.004848
3.184068e-06, 0.004613
3.184118e-06, 0.004475
3.184168e-06, 0.004129
3.184218e-06, 0.003438
3.184268e-06, 0.003286
3.184318e-06, 0.003313
3.184368e-06, 0.002608
3.184418e-06, 0.002110
3.184468e-06, 0.002138
3.184518e-06, 0.001433
3.184568e-06, 0.001101
3.184618e-06, 0.002138
3.184668e-06, 0.002014
3.184718e-06, 0.000672
3.184768e-06, 0.000949
3.184818e-06, 0.001544
3.184868e-06, 0.000811
3.184918e-06, 0.000990
3.184968e-06, 0.001931
3.185018e-06, 0.001682
3.185068e-06, 0.001626
3.185118e-06, 0.002152
3.185168e-06, 0.001447
3.185218e-06, 0.000506
3.185268e-06, 0.000299
3.185318e-06, -0.000254
3.185368e-06, -0.000448
3.185418e-06, -0.000047
3.185468e-06, -0.000544
3.185518e-06, -0.000641
3.185568e-06, 0.000534
3.185618e-06, 0.000078
3.185668e-06, -0.001498
3.185718e-06, -0.000876
3.185768e-06, -0.000019
3.185818e-06, -0.001111
3.185868e-06, -0.001180
3.185918e-06, -0.000060
3.185968e-06, -0.000641
3.186018e-06, -0.001277
3.186068e-06, -0.000558
3.186118e-06, -0.001084
3.186168e-06, -0.002204
3.186218e-06, -0.001512
3.186268e-06, -0.000807
3.186318e-06, -0.001042
3.186368e-06, -0.000669
3.186418e-06, -0.000475
3.186468e-06, -0.001167
3.186518e-06, -0.001263
3.186568e-06, -0.001208
3.186618e-06, -0.001263
3.186668e-06, -0.000461
3.186718e-06, -0.000434
3.186768e-06, -0.001623
3.186818e-06, -0.001070
3.186868e-06, 0.000009
3.186918e-06, -0.001388
3.186968e-06, -0.002121
3.187018e-06, -0.000392
3.187068e-06, -0.000213
3.187118e-06, -0.001734
3.187168e-06, -0.001402
3.187218e-06, -0.000503
3.187268e-06, -0.001250
3.187318e-06, -0.001692
3.187368e-06, -0.001015
3.187418e-06, -0.000904
3.187468e-06, -0.001236
3.187518e-06, -0.001125
3.187568e-06, -0.001153
3.187618e-06, -0.001443
3.187668e-06, -0.001208
3.187718e-06, -0.000849
3.187768e-06, -0.001125
3.187818e-06, -0.001236
3.187868e-06, -0.000697
3.187918e-06, -0.000420
3.187968e-06, -0.000351
3.188018e-06, 0.000216
3.188068e-06, 0.000686
3.188118e-06, 0.000493
3.188168e-06, 0.000230
3.188218e-06, 0.000299
3.188268e-06, 0.000672
3.188318e-06, 0.001184
3.188368e-06, 0.001405
3.188418e-06, 0.001405
3.188468e-06, 0.001723
3.188518e-06, 0.001972
3.188568e-06, 0.001557
3.188618e-06, 0.001336
3.188668e-06, 0.002180
3.188718e-06, 0.002567
3.188768e-06, 0.001447
3.188818e-06, 0.001046
3.188868e-06, 0.002055
3.188918e-06, 0.001889
3.188968e-06, 0.001087
3.189018e-06, 0.001972
3.189068e-06, 0.002539
3.189118e-06, 0.001709
3.189168e-06, 0.002276
3.189218e-06, 0.003369
3.189268e-06, 0.002484
3.189318e-06, 0.001571
3.189368e-06, 0.002027
3.189418e-06, 0.002290
3.189468e-06, 0.002193
3.189518e-06, 0.001862
3.189568e-06, 0.001267
3.189618e-06, 0.001820
3.189668e-06, 0.002995
3.189718e-06, 0.002594
3.189768e-06, 0.001488
3.189818e-06, 0.001751
3.189868e-06, 0.002498
3.189918e-06, 0.002304
3.189968e-06, 0.001779
3.190018e-06, 0.001903
3.190068e-06, 0.002263
3.190118e-06, 0.002180
3.190168e-06, 0.002124
3.190218e-06, 0.002456
3.190268e-06, 0.002498
3.190318e-06, 0.002221
3.190368e-06, 0.002387
3.190418e-06, 0.002829
3.190468e-06, 0.002608
3.190518e-06, 0.001945
3.190568e-06, 0.002000
3.190618e-06, 0.002636
3.190668e-06, 0.002677
3.190718e-06, 0.002193
3.190768e-06, 0.002097
3.190818e-06, 0.002442
3.190868e-06, 0.003286
3.190918e-06, 0.005000
3.190968e-06, 0.006687
3.191018e-06, 0.007752
3.191068e-06, 0.009633
3.191118e-06, 0.012716
3.191168e-06, 0.015758
3.191218e-06, 0.018772
3.191268e-06, 0.021248
3.191318e-06, 0.022063
3.191368e-06, 0.023004
3.191418e-06, 0.024608
3.191468e-06, 0.024068
3.191518e-06, 0.022727
3.191568e-06, 0.023571
3.191618e-06, 0.024331
3.191668e-06, 0.024331
3.191718e-06, 0.026350
3.191768e-06, 0.028175
3.191818e-06, 0.027816
3.191868e-06, 0.028687
3.191918e-06, 0.030346
3.191968e-06, 0.029986
3.192018e-06, 0.030139
3.192068e-06, 0.031107
3.192118e-06, 0.029503
3.192168e-06, 0.028023
3.192218e-06, 0.029115
3.192268e-06, 0.028618
3.192318e-06, 0.026751
3.192368e-06, 0.027318
3.192418e-06, 0.027304
3.192468e-06, 0.024774
3.192518e-06, 0.024428
3.192568e-06, 0.025921
3.192618e-06, 0.024953
3.192668e-06, 0.023501
3.192718e-06, 0.023750
3.192768e-06, 0.022879
3.192818e-06, 0.021026
3.192868e-06, 0.020473
3.192918e-06, 0.019740
3.192968e-06, 0.017888
3.193018e-06, 0.016809
3.193068e-06, 0.016145
3.193118e-06, 0.014763
3.193168e-06, 0.013725
3.193218e-06, 0.013214
3.193268e-06, 0.012066
3.193318e-06, 0.010946
3.193368e-06, 0.010435
3.193418e-06, 0.009149
3.193468e-06, 0.007268
3.193518e-06, 0.006480
3.193568e-06, 0.006010
3.193618e-06, 0.004572
3.193668e-06, 0.003590
3.193718e-06, 0.003549
3.193768e-06, 0.002677
3.193818e-06, 0.001322
3.193868e-06, 0.000797
3.193918e-06, -0.000143
3.193968e-06, -0.001540
3.194018e-06, -0.001609
3.194068e-06, -0.001512
3.194118e-06, -0.002701
3.194168e-06, -0.003407
3.194218e-06, -0.003476
3.194268e-06, -0.004458
3.194318e-06, -0.004831
3.194368e-06, -0.003711
3.194418e-06, -0.003780
3.194468e-06, -0.005052
3.194518e-06, -0.004969
3.194568e-06, -0.004679
3.194618e-06, -0.006034
3.194668e-06, -0.006573
3.194718e-06, -0.005135
3.194768e-06, -0.004776
3.194818e-06, -0.005909
3.194868e-06, -0.005840
3.194918e-06, -0.005384
3.194968e-06, -0.006214
3.195018e-06, -0.006020
3.195068e-06, -0.004416
3.195118e-06, -0.004969
3.195168e-06, -0.006753
3.195218e-06, -0.005605
3.195268e-06, -0.003739
3.195318e-06, -0.004942
3.195368e-06, -0.006186
3.195418e-06, -0.005052
3.195468e-06, -0.004734
3.195518e-06, -0.005799
3.195568e-06, -0.005744
3.195618e-06, -0.005107
3.195668e-06, -0.004485
3.195718e-06, -0.003033
3.195768e-06, -0.002439
3.195818e-06, -0.003379
3.195868e-06, -0.002950
3.195918e-06, -0.001346
3.195968e-06, -0.001277
3.196018e-06, -0.001595
3.196068e-06, -0.000697
3.196118e-06, -0.000130
3.196168e-06, -0.000296
3.196218e-06, 0.000009
3.196268e-06, 0.000686
3.196318e-06, 0.001336
3.196368e-06, 0.001613
3.196418e-06, 0.001004
3.196468e-06, 0.000825
3.196518e-06, 0.002138
3.196568e-06, 0.002788
3.196618e-06, 0.001792
3.196668e-06, 0.001737
3.196718e-06, 0.003009
3.196768e-06, 0.003383
3.196818e-06, 0.003203
3.196868e-06, 0.003424
3.196918e-06, 0.003189
3.196968e-06, 0.002982
3.197018e-06, 0.003714
3.197068e-06, 0.003949
3.197118e-06, 0.003383
3.197168e-06, 0.003535
3.197218e-06, 0.004074
3.197268e-06, 0.004074
3.197318e-06, 0.003756
3.197368e-06, 0.003645
3.197418e-06, 0.003894
3.197468e-06, 0.003728
3.197518e-06, 0.002733
3.197568e-06, 0.002719
3.197618e-06, 0.003604
3.197668e-06, 0.002885
3.197718e-06, 0.001986
3.197768e-06, 0.002982
3.197818e-06, 0.003148
3.197868e-06, 0.002097
3.197918e-06, 0.002719
3.197968e-06, 0.003092
3.198018e-06, 0.001737
3.198068e-06, 0.002318
3.198118e-06, 0.003853
3.198168e-06, 0.002719
3.198218e-06, 0.002207
3.198268e-06, 0.003811
3.198318e-06, 0.003065
3.198368e-06, 0.001170
3.198418e-06, 0.002014
3.198468e-06, 0.002857
3.198518e-06, 0.001931
3.198568e-06, 0.001654
3.198618e-06, 0.001931
3.198668e-06, 0.002041
3.198718e-06, 0.002567
3.198768e-06, 0.002401
3.198818e-06, 0.001696
3.198868e-06, 0.002041
3.198918e-06, 0.002152
3.198968e-06, 0.001626
3.199018e-06, 0.002083
3.199068e-06, 0.002180
3.199118e-06, 0.001226
3.199168e-06, 0.001405
3.199218e-06, 0.001544
3.199268e-06, 0.000244
3.199318e-06, 0.000396
3.199368e-06, 0.001626
3.199418e-06, 0.000714
3.199468e-06, 0.000133
3.199518e-06, 0.001405
3.199568e-06, 0.000424
3.199618e-06, -0.001554
3.199668e-06, -0.000130
3.199718e-06, 0.001226
3.199768e-06, -0.000074
3.199818e-06, -0.000033
3.199868e-06, 0.000811
3.199918e-06, -0.000157
3.199968e-06, 0.000161
3.200018e-06, 0.001571
3.200068e-06, 0.000327
3.200118e-06, -0.000683
3.200168e-06, 0.000645
3.200218e-06, 0.000230
3.200268e-06, -0.000683
3.200318e-06, 0.001391
3.200368e-06, 0.002235
3.200418e-06, 0.000465
3.200468e-06, 0.001004
3.200518e-06, 0.002415
3.200568e-06, 0.001129
3.200618e-06, 0.000631
3.200668e-06, 0.002110
3.200718e-06, 0.001723
3.200768e-06, 0.000424
3.200818e-06, 0.000811
3.200868e-06, 0.000866
3.200918e-06, 0.000133
3.200968e-06, 0.000742
3.201018e-06, 0.001640
3.201068e-06, 0.001267
3.201118e-06, 0.000617
3.201168e-06, 0.000036
3.201218e-06, -0.000323
3.201268e-06, 0.000244
3.201318e-06, 0.000520
3.201368e-06, -0.000254
3.201418e-06, -0.000420
3.201468e-06, -0.000185
3.201518e-06, -0.000807
3.201568e-06, -0.000890
3.201618e-06, -0.000213
3.201668e-06, -0.000365
3.201718e-06, -0.000517
3.201768e-06, -0.000213
3.201818e-06, -0.000586
3.201868e-06, -0.000489
3.201918e-06, 0.000382
3.201968e-06, 0.000188
3.202018e-06, -0.000323
3.202068e-06, -0.000185
3.202118e-06, -0.000683
3.202168e-06, -0.001028
3.202218e-06, -0.000074
3.202268e-06, 0.000382
3.202318e-06, -0.000047
3.202368e-06, -0.000199
3.202418e-06, -0.000448
3.202468e-06, -0.000475
3.202518e-06, 0.000078
3.202568e-06, -0.000185
3.202618e-06, -0.000544
3.202668e-06, 0.000451
3.202718e-06, 0.000714
3.202768e-06, -0.000448
3.202818e-06, -0.000489
3.202868e-06, -0.000102
3.202918e-06, -0.001001
3.202968e-06, -0.001098
3.203018e-06, -0.000033
3.203068e-06, -0.000226
3.203118e-06, -0.000766
3.203168e-06, -0.000226
3.203218e-06, -0.000378
3.203268e-06, -0.001305
3.203318e-06, -0.001084
3.203368e-06, -0.000226
3.203418e-06, -0.000199
3.203468e-06, -0.000655
3.203518e-06, -0.000641
3.203568e-06, -0.000240
3.203618e-06, -0.000157
3.203668e-06, -0.000503
3.203718e-06, -0.000710
3.203768e-06, -0.000738
3.203818e-06, -0.000724
3.203868e-06, -0.000586
3.203918e-06, -0.000738
3.203968e-06, -0.000987
3.204018e-06, -0.000378
3.204068e-06, 0.000520
3.204118e-06, 0.000520
3.204168e-06, 0.000092
3.204218e-06, 0.000133
3.204268e-06, 0.000645
3.204318e-06, 0.000977
3.204368e-06, 0.000396
3.204418e-06, -0.000088
3.204468e-06, 0.000963
3.204518e-06, 0.001848
3.204568e-06, 0.000921
3.204618e-06, 0.000078
3.204668e-06, 0.000659
3.204718e-06, 0.001253
3.204768e-06, 0.001156
3.204818e-06, 0.000755
3.204868e-06, 0.000202
3.204918e-06, 0.000119
3.204968e-06, 0.000589
3.205018e-06, 0.000728
3.205068e-06, 0.000686
3.205118e-06, 0.000921
3.205168e-06, 0.001018
3.205218e-06, 0.001087
3.205268e-06, 0.001585
3.205318e-06, 0.002193
3.205368e-06, 0.002719
3.205418e-06, 0.003175
3.205468e-06, 0.003092
3.205518e-06, 0.002968
3.205568e-06, 0.003618
3.205618e-06, 0.003949
3.205668e-06, 0.003286
3.205718e-06, 0.003327
3.205768e-06, 0.004268
3.205818e-06, 0.004281
3.205868e-06, 0.004019
3.205918e-06, 0.004793
3.205968e-06, 0.005305
3.206018e-06, 0.005083
3.206068e-06, 0.005678
3.206118e-06, 0.006992
3.206168e-06, 0.008291
3.206218e-06, 0.010006
3.206268e-06, 0.011582
3.206318e-06, 0.012481
3.206368e-06, 0.014196
3.206418e-06, 0.017362
3.206468e-06, 0.020667
3.206518e-06, 0.023999
3.206568e-06, 0.027968
3.206618e-06, 0.031770
3.206668e-06, 0.034868
3.206718e-06, 0.038380
3.206768e-06, 0.042680
3.206818e-06, 0.046206
3.206868e-06, 0.048335
3.206918e-06, 0.051101
3.206968e-06, 0.054793
3.207018e-06, 0.057309
3.207068e-06, 0.059107
3.207118e-06, 0.061720
3.207168e-06, 0.063933
3.207218e-06, 0.065772
3.207268e-06, 0.068869
3.207318e-06, 0.071552
3.207368e-06, 0.072381
3.207418e-06, 0.074124
3.207468e-06, 0.077221
3.207518e-06, 0.078161
3.207568e-06, 0.077428
3.207618e-06, 0.078507
3.207668e-06, 0.080415
3.207718e-06, 0.080180
3.207768e-06, 0.079336
3.207818e-06, 0.079834
3.207868e-06, 0.080042
3.207918e-06, 0.079323
3.207968e-06, 0.079115
3.208018e-06, 0.079171
3.208068e-06, 0.079005
3.208118e-06, 0.078714
3.208168e-06, 0.077456
3.208218e-06, 0.075797
3.208268e-06, 0.075216
3.208318e-06, 0.074248
3.208368e-06, 0.071953
3.208418e-06, 0.070390
3.208468e-06, 0.069630
3.208518e-06, 0.067694
3.208568e-06, 0.065288
3.208618e-06, 0.063546
3.208668e-06, 0.061527
3.208718e-06, 0.058886
3.208768e-06, 0.056839
3.208818e-06, 0.055581
3.208868e-06, 0.053839
3.208918e-06, 0.051073
3.208968e-06, 0.048557
3.209018e-06, 0.046649
3.209068e-06, 0.043869
3.209118e-06, 0.040800
3.209168e-06, 0.038974
3.209218e-06, 0.036333
3.209268e-06, 0.031922
3.209318e-06, 0.029198
3.209368e-06, 0.027816
3.209418e-06, 0.024124
3.209468e-06, 0.020349
3.209518e-06, 0.019104
3.209568e-06, 0.016864
3.209618e-06, 0.013103
3.209668e-06, 0.011306
3.209718e-06, 0.010047
3.209768e-06, 0.007171
3.209818e-06, 0.004627
3.209868e-06, 0.002650
3.209918e-06, 0.000133
3.209968e-06, -0.001706
3.210018e-06, -0.003102
3.210068e-06, -0.005204
3.210118e-06, -0.006905
3.210168e-06, -0.007914
3.210218e-06, -0.008965
3.210268e-06, -0.009947
3.210318e-06, -0.011371
3.210368e-06, -0.013031
3.210418e-06, -0.013722
3.210468e-06, -0.014690
3.210518e-06, -0.016308
3.210568e-06, -0.016667
3.210618e-06, -0.017027
3.210668e-06, -0.018603
3.210718e-06, -0.018921
3.210768e-06, -0.018644
3.210818e-06, -0.020152
3.210868e-06, -0.021009
3.210918e-06, -0.020318
3.210968e-06, -0.020898
3.211018e-06, -0.021507
3.211068e-06, -0.020608
3.211118e-06, -0.020815
3.211168e-06, -0.021438
3.211218e-06, -0.020387
3.211268e-06, -0.020221
3.211318e-06, -0.021106
3.211368e-06, -0.020456
3.211418e-06, -0.019944
3.211468e-06, -0.020428
3.211518e-06, -0.019474
3.211568e-06, -0.018658
3.211618e-06, -0.019281
3.211668e-06, -0.018465
3.211718e-06, -0.017220
3.211768e-06, -0.017829
3.211818e-06, -0.017234
3.211868e-06, -0.015340
3.211918e-06, -0.015437
3.211968e-06, -0.014994
3.212018e-06, -0.012436
3.212068e-06, -0.012339
3.212118e-06, -0.013722
3.212168e-06, -0.011758
3.212218e-06, -0.009297
3.212268e-06, -0.009712
3.212318e-06, -0.009906
3.212368e-06, -0.008606
3.212418e-06, -0.007596
3.212468e-06, -0.006753
3.212518e-06, -0.006476
3.212568e-06, -0.006725
3.212618e-06, -0.005287
3.212668e-06, -0.003517
3.212718e-06, -0.004015
3.212768e-06, -0.003794
3.212818e-06, -0.001167
3.212868e-06, -0.000157
3.212918e-06, -0.001056
3.212968e-06, -0.000143
3.213018e-06, 0.001419
3.213068e-06, 0.000921
3.213118e-06, 0.000479
3.213168e-06, 0.001571
3.213218e-06, 0.002083
3.213268e-06, 0.001806
3.213318e-06, 0.002387
3.213368e-06, 0.003466
3.213418e-06, 0.004212
3.213468e-06, 0.004724
3.213518e-06, 0.004599
3.213568e-06, 0.004226
3.213618e-06, 0.004834
3.213668e-06, 0.005595
3.213718e-06, 0.005415
3.213768e-06, 0.005692
3.213818e-06, 0.006660
3.213868e-06, 0.006480
3.213918e-06, 0.005706
3.213968e-06, 0.005982
3.214018e-06, 0.006217
3.214068e-06, 0.006010
3.214118e-06, 0.006881
3.214168e-06, 0.007821
3.214218e-06, 0.007185
3.214268e-06, 0.006867
3.214318e-06, 0.007558
3.214368e-06, 0.007282
3.214418e-06, 0.006770
3.214468e-06, 0.007531
3.214518e-06, 0.007890
3.214568e-06, 0.007310
3.214618e-06, 0.007379
3.214668e-06, 0.007475
3.214718e-06, 0.007157
3.214768e-06, 0.007641
3.214818e-06, 0.007863
3.214868e-06, 0.006687
3.214918e-06, 0.006065
3.214968e-06, 0.006535
3.215018e-06, 0.006521
3.215068e-06, 0.006148
3.215118e-06, 0.005941
3.215168e-06, 0.005471
3.215218e-06, 0.005222
3.215268e-06, 0.005498
3.215318e-06, 0.005332
3.215368e-06, 0.004599
3.215418e-06, 0.003880
3.215468e-06, 0.003203
3.215518e-06, 0.002871
3.215568e-06, 0.003037
3.215618e-06, 0.003092
3.215668e-06, 0.002899
3.215718e-06, 0.002539
3.215768e-06, 0.001737
3.215818e-06, 0.001364
3.215868e-06, 0.002027
3.215918e-06, 0.002318
3.215968e-06, 0.001737
3.216018e-06, 0.001834
3.216068e-06, 0.002249
3.216118e-06, 0.001391
3.216168e-06, 0.000479
3.216218e-06, 0.000783
3.216268e-06, 0.000548
3.216318e-06, -0.000517
3.216368e-06, -0.000005
3.216418e-06, 0.001364
3.216468e-06, 0.000797
3.216518e-06, -0.000282
3.216568e-06, 0.000202
3.216618e-06, 0.000285
3.216668e-06, -0.000489
3.216718e-06, -0.000088
3.216768e-06, 0.000451
3.216818e-06, -0.000019
3.216868e-06, 0.000133
3.216918e-06, 0.000147
3.216968e-06, -0.001015
3.217018e-06, -0.001015
3.217068e-06, 0.000382
3.217118e-06, 0.000437
3.217168e-06, -0.000475
3.217218e-06, -0.000572
3.217268e-06, -0.000199
3.217318e-06, -0.000088
3.217368e-06, -0.000406
3.217418e-06, -0.000821
3.217468e-06, -0.000544
3.217518e-06, 0.000009
3.217568e-06, -0.000171
3.217618e-06, -0.000517
3.217668e-06, -0.000282
3.217718e-06, -0.000060
3.217768e-06, -0.000406
3.217818e-06, -0.000683
3.217868e-06, -0.000213
3.217918e-06, -0.000005
3.217968e-06, -0.000821
3.218018e-06, -0.001291
3.218068e-06, -0.000683
3.218118e-06, -0.000296
3.218168e-06, -0.000392
3.218218e-06, -0.000213
3.218268e-06, -0.000392
3.218318e-06, -0.000973
3.218368e-06, -0.000876
3.218418e-06, -0.000365
3.218468e-06, -0.000296
3.218518e-06, -0.000669
3.218568e-06, -0.000918
3.218618e-06, -0.000199
3.218668e-06, 0.000838
3.218718e-06, 0.000368
3.218768e-06, -0.000683
3.218818e-06, -0.000572
3.218868e-06, -0.000351
3.218918e-06, -0.000378
3.218968e-06, 0.000299
3.219018e-06, 0.000202
3.219068e-06, -0.001001
3.219118e-06, -0.001001
3.219168e-06, -0.000365
3.219218e-06, -0.000641
3.219268e-06, -0.000392
3.219318e-06, 0.000424
3.219368e-06, 0.000327
3.219418e-06, 0.000424
3.219468e-06, 0.001281
3.219518e-06, 0.001447
3.219568e-06, 0.001226
3.219618e-06, 0.001585
3.219668e-06, 0.002110
3.219718e-06, 0.002387
3.219768e-06, 0.002124
3.219818e-06, 0.001626
3.219868e-06, 0.002152
3.219918e-06, 0.002926
3.219968e-06, 0.002539
3.220018e-06, 0.002276
3.220068e-06, 0.002608
3.220118e-06, 0.002083
3.220168e-06, 0.001502
3.220218e-06, 0.001834
3.220268e-06, 0.001889
3.220318e-06, 0.001986
3.220368e-06, 0.002719
3.220418e-06, 0.002705
3.220468e-06, 0.002456
3.220518e-06, 0.003410
3.220568e-06, 0.003521
3.220618e-06, 0.002152
3.220668e-06, 0.002235
3.220718e-06, 0.003313
3.220768e-06, 0.002594
3.220818e-06, 0.001544
3.220868e-06, 0.002235
3.220918e-06, 0.002885
3.220968e-06, 0.002373
3.221018e-06, 0.002235
3.221068e-06, 0.002829
3.221118e-06, 0.003065
3.221168e-06, 0.002774
3.221218e-06, 0.002428
3.221268e-06, 0.002346
3.221318e-06, 0.002843
3.221368e-06, 0.003521
3.221418e-06, 0.003369
3.221468e-06, 0.002636
3.221518e-06, 0.002332
3.221568e-06, 0.002290
3.221618e-06, 0.002539
3.221668e-06, 0.003673
3.221718e-06, 0.004129
3.221768e-06, 0.002940
3.221818e-06, 0.002733
3.221868e-06, 0.003590
3.221918e-06, 0.002829
3.221968e-06, 0.002346
3.222018e-06, 0.004088
3.222068e-06, 0.004904
3.222118e-06, 0.004696
3.222168e-06, 0.006342
3.222218e-06, 0.008195
3.222268e-06, 0.009218
3.222318e-06, 0.011845
3.222368e-06, 0.015136
3.222418e-06, 0.017431
3.222468e-06, 0.020072
3.222518e-06, 0.021925
3.222568e-06, 0.021939
3.222618e-06, 0.023183
3.222668e-06, 0.024995
3.222718e-06, 0.024138
3.222768e-06, 0.023266
3.222818e-06, 0.024843
3.222868e-06, 0.025520
3.222918e-06, 0.024456
3.222968e-06, 0.024469
3.223018e-06, 0.025534
3.223068e-06, 0.026253
3.223118e-06, 0.026792
3.223168e-06, 0.027581
3.223218e-06, 0.028825
3.223268e-06, 0.029599
3.223318e-06, 0.029060
3.223368e-06, 0.028673
3.223418e-06, 0.028756
3.223468e-06, 0.027622
3.223518e-06, 0.026613
3.223568e-06, 0.026903
3.223618e-06, 0.025907
3.223668e-06, 0.024359
3.223718e-06, 0.025092
3.223768e-06, 0.025506
3.223818e-06, 0.023723
3.223868e-06, 0.022976
3.223918e-06, 0.023584
3.223968e-06, 0.023391
3.224018e-06, 0.022727
3.224068e-06, 0.021579
3.224118e-06, 0.019685
3.224168e-06, 0.018537
3.224218e-06, 0.017722
3.224268e-06, 0.015910
3.224318e-06, 0.014472
3.224368e-06, 0.014002
3.224418e-06, 0.013172
3.224468e-06, 0.012301
3.224518e-06, 0.011790
3.224568e-06, 0.010628
3.224618e-06, 0.008996
3.224668e-06, 0.007738
3.224718e-06, 0.006591
3.224768e-06, 0.005305
3.224818e-06, 0.003894
3.224868e-06, 0.002539
3.224918e-06, 0.001862
3.224968e-06, 0.001668
3.225018e-06, 0.001143
3.225068e-06, 0.000493
3.225118e-06, -0.000074
3.225168e-06, -0.001208
3.225218e-06, -0.002508
3.225268e-06, -0.003172
3.225318e-06, -0.003752
3.225368e-06, -0.004112
3.225418e-06, -0.003656
3.225468e-06, -0.003808
3.225518e-06, -0.004955
3.225568e-06, -0.005163
3.225618e-06, -0.005163
3.225668e-06, -0.006172
3.225718e-06, -0.005799
3.225768e-06, -0.004126
3.225818e-06, -0.004679
3.225868e-06, -0.006103
3.225918e-06, -0.005508
3.225968e-06, -0.005177
3.226018e-06, -0.006075
3.226068e-06, -0.005854
3.226118e-06, -0.005384
3.226168e-06, -0.005923
3.226218e-06, -0.005799
3.226268e-06, -0.005412
3.226318e-06, -0.006020
3.226368e-06, -0.006062
3.226418e-06, -0.005591
3.226468e-06, -0.006145
3.226518e-06, -0.006255
3.226568e-06, -0.005329
3.226618e-06, -0.005356
3.226668e-06, -0.005882
3.226718e-06, -0.005439
3.226768e-06, -0.004859
3.226818e-06, -0.004541
3.226868e-06, -0.004181
3.226918e-06, -0.004236
3.226968e-06, -0.003821
3.227018e-06, -0.002218
3.227068e-06, -0.001416
3.227118e-06, -0.002010
3.227168e-06, -0.001996
3.227218e-06, -0.001568
3.227268e-06, -0.001886
3.227318e-06, -0.001595
3.227368e-06, -0.000448
3.227418e-06, -0.000448
3.227468e-06, -0.000641
3.227518e-06, 0.000576
3.227568e-06, 0.001046
3.227618e-06, 0.000645
3.227668e-06, 0.001779
3.227718e-06, 0.002304
3.227768e-06, 0.001115
3.227818e-06, 0.001903
3.227868e-06, 0.003148
3.227918e-06, 0.001461
3.227968e-06, 0.001060
3.228018e-06, 0.003134
3.228068e-06, 0.002511
3.228118e-06, 0.001129
3.228168e-06, 0.002899
3.228218e-06, 0.003701
3.228268e-06, 0.002498
3.228318e-06, 0.003217
3.228368e-06, 0.004046
3.228418e-06, 0.002871
3.228468e-06, 0.002636
3.228518e-06, 0.003134
3.228568e-06, 0.002387
3.228618e-06, 0.002124
3.228668e-06, 0.002747
3.228718e-06, 0.002677
3.228768e-06, 0.002387
3.228818e-06, 0.002304
3.228868e-06, 0.002055
3.228918e-06, 0.002041
3.228968e-06, 0.001889
3.229018e-06, 0.001696
3.229068e-06, 0.002650
3.229118e-06, 0.003479
3.229168e-06, 0.003106
3.229218e-06, 0.003134
3.229268e-06, 0.003369
3.229318e-06, 0.002719
3.229368e-06, 0.002733
3.229418e-06, 0.003313
3.229468e-06, 0.002760
3.229518e-06, 0.002193
3.229568e-06, 0.002359
3.229618e-06, 0.002000
3.229668e-06, 0.001530
3.229718e-06, 0.001433
3.229768e-06, 0.000880
3.229818e-06, 0.000410
3.229868e-06, 0.000589
3.229918e-06, 0.000755
3.229968e-06, 0.001032
3.230018e-06, 0.001447
3.230068e-06, 0.001281
3.230118e-06, 0.001129
3.230168e-06, 0.001474
3.230218e-06, 0.001350
3.230268e-06, 0.000728
3.230318e-06, 0.000258
3.230368e-06, -0.000074
3.230418e-06, 0.000064
3.230468e-06, 0.000465
3.230518e-06, 0.000285
3.230568e-06, 0.000064
3.230618e-06, 0.000271
3.230668e-06, -0.000102
3.230718e-06, -0.000821
3.230768e-06, -0.000945
3.230818e-06, -0.000807
3.230868e-06, -0.000475
3.230918e-06, -0.000005
3.230968e-06, -0.000157
3.231018e-06, -0.000461
3.231068e-06, -0.000143
3.231118e-06, -0.000060
3.231168e-06, -0.000074
3.231218e-06, 0.000700
3.231268e-06, 0.001004
3.231318e-06, 0.000410
3.231368e-06, 0.000672
3.231418e-06, 0.001101
3.231468e-06, 0.000382
3.231518e-06, 0.000161
3.231568e-06, 0.000479
3.231618e-06, -0.000102
3.231668e-06, 0.000465
3.231718e-06, 0.001972
3.231768e-06, 0.001073
3.231818e-06, 0.000188
3.231868e-06, 0.001806
3.231918e-06, 0.001530
3.231968e-06, -0.000157
3.232018e-06, 0.001530
3.232068e-06, 0.002415
3.232118e-06, -0.000226
3.232168e-06, 0.000299
3.232218e-06, 0.003203
3.232268e-06, 0.001945
3.232318e-06, 0.000202
3.232368e-06, 0.001419
3.232418e-06, 0.001143
3.232468e-06, 0.000479
3.232518e-06, 0.002442
3.232568e-06, 0.002401
3.232618e-06, 0.000009
3.232668e-06, 0.000382
3.232718e-06, 0.001184
3.232768e-06, -0.000420
3.232818e-06, -0.000683
3.232868e-06, 0.000299
3.232918e-06, -0.000226
3.232968e-06, 0.000202
3.233018e-06, 0.001889
3.233068e-06, 0.000977
3.233118e-06, -0.001084
3.233168e-06, -0.000572
3.233218e-06, 0.000700
3.233268e-06, 0.000410
3.233318e-06, 0.000299
3.233368e-06, 0.000949
3.233418e-06, 0.000437
3.233468e-06, -0.000821
3.233518e-06, -0.000544
3.233568e-06, 0.000672
3.233618e-06, 0.000603
3.233668e-06, -0.000074
3.233718e-06, 0.000202
3.233768e-06, 0.000506
3.233818e-06, 0.000147
3.233868e-06, 0.000133
3.233918e-06, 0.000064
3.233968e-06, -0.000448
3.234018e-06, 0.000147
3.234068e-06, 0.001129
3.234118e-06, 0.000202
3.234168e-06, -0.000627
3.234218e-06, 0.000493
3.234268e-06, 0.000576
3.234318e-06, -0.000627
3.234368e-06, -0.000116
3.234418e-06, 0.000327
3.234468e-06, -0.000586
3.234518e-06, 0.000313
3.234568e-06, 0.001723
3.234618e-06, 0.000410
3.234668e-06, -0.000296
3.234718e-06, 0.000990
3.234768e-06, 0.000396
3.234818e-06, -0.000655
3.234868e-06, 0.000728
3.234918e-06, 0.000825
3.234968e-06, -0.001125
3.235018e-06, -0.000669
3.235068e-06, 0.000783
3.235118e-06, -0.000088
3.235168e-06, -0.000683
3.235218e-06, 0.000064
3.235268e-06, -0.000240
3.235318e-06, -0.000517
3.235368e-06, 0.000368
3.235418e-06, 0.000161
3.235468e-06, -0.000724
3.235518e-06, -0.000268
3.235568e-06, -0.000019
3.235618e-06, -0.000641
3.235668e-06, -0.000378
3.235718e-06, 0.000023
3.235768e-06, -0.000323
3.235818e-06, -0.000130
3.235868e-06, 0.000092
3.235918e-06, -0.000406
3.235968e-06, 0.000147
3.236018e-06, 0.000935
3.236068e-06, 0.000050
3.236118e-06, -0.000309
3.236168e-06, 0.000728
3.236218e-06, 0.000631
3.236268e-06, 0.000341
3.236318e-06, 0.001391
3.236368e-06, 0.001474
3.236418e-06, 0.000894
3.236468e-06, 0.002249
3.236518e-06, 0.003673
3.236568e-06, 0.003313
3.236618e-06, 0.003148
3.236668e-06, 0.003535
3.236718e-06, 0.003493
3.236768e-06, 0.003853
3.236818e-06, 0.004364
3.236868e-06, 0.003936
3.236918e-06, 0.003549
3.236968e-06, 0.004019
3.237018e-06, 0.004586
3.237068e-06, 0.005083
3.237118e-06, 0.005374
3.237168e-06, 0.005028
3.237218e-06, 0.004738
3.237268e-06, 0.005125
3.237318e-06, 0.005567
3.237368e-06, 0.005761
3.237418e-06, 0.006452
3.237468e-06, 0.007835
3.237518e-06, 0.009411
3.237568e-06, 0.011237
3.237618e-06, 0.013311
3.237668e-06, 0.015869
3.237718e-06, 0.019754
3.237768e-06, 0.023930
3.237818e-06, 0.026709
3.237868e-06, 0.030332
3.237918e-06, 0.035946
3.237968e-06, 0.039472
3.238018e-06, 0.040827
3.238068e-06, 0.044906
3.238118e-06, 0.050202
3.238168e-06, 0.052885
3.238218e-06, 0.055540
3.238268e-06, 0.059632
3.238318e-06, 0.062633
3.238368e-06, 0.065246
3.238418e-06, 0.068136
3.238468e-06, 0.069616
3.238518e-06, 0.071317
3.238568e-06, 0.074580
3.238618e-06, 0.076778
3.238668e-06, 0.078051
3.238718e-06, 0.080304
3.238768e-06, 0.081618
3.238818e-06, 0.081521
3.238868e-06, 0.082586
3.238918e-06, 0.084121
3.238968e-06, 0.084536
3.239018e-06, 0.084702
3.239068e-06, 0.084494
3.239118e-06, 0.083858
3.239168e-06, 0.083900
3.239218e-06, 0.083471
3.239268e-06, 0.082060
3.239318e-06, 0.081715
3.239368e-06, 0.081521
3.239418e-06, 0.079599
3.239468e-06, 0.078244
3.239518e-06, 0.077857
3.239568e-06, 0.075990
3.239618e-06, 0.074663
3.239668e-06, 0.074912
3.239718e-06, 0.072768
3.239768e-06, 0.069436
3.239818e-06, 0.068800
3.239868e-06, 0.067224
3.239918e-06, 0.063200
3.239968e-06, 0.061665
3.240018e-06, 0.061015
3.240068e-06, 0.057323
3.240118e-06, 0.054627
3.240168e-06, 0.053977
3.240218e-06, 0.050741
3.240268e-06, 0.046552
3.240318e-06, 0.044408
3.240368e-06, 0.042168
3.240418e-06, 0.039666
3.240468e-06, 0.037536
3.240518e-06, 0.034218
3.240568e-06, 0.031148
3.240618e-06, 0.029005
3.240668e-06, 0.025092
3.240718e-06, 0.021483
3.240768e-06, 0.020183
3.240818e-06, 0.017155
3.240868e-06, 0.012910
3.240918e-06, 0.011320
3.240968e-06, 0.009315
3.241018e-06, 0.005305
3.241068e-06, 0.003272
3.241118e-06, 0.001875
3.241168e-06, -0.001775
3.241218e-06, -0.004292
3.241268e-06, -0.004734
3.241318e-06, -0.006463
3.241368e-06, -0.008855
3.241418e-06, -0.010016
3.241468e-06, -0.011440
3.241518e-06, -0.013597
3.241568e-06, -0.015063
3.241618e-06, -0.015547
3.241668e-06, -0.015727
3.241718e-06, -0.016529
3.241768e-06, -0.018133
3.241818e-06, -0.018963
3.241868e-06, -0.018907
3.241918e-06, -0.019778
3.241968e-06, -0.020732
3.242018e-06, -0.020083
3.242068e-06, -0.019820
3.242118e-06, -0.021133
3.242168e-06, -0.021673
3.242218e-06, -0.021230
3.242268e-06, -0.021714
3.242318e-06, -0.022212
3.242368e-06, -0.021576
3.242418e-06, -0.021272
3.242468e-06, -0.021355
3.242518e-06, -0.020677
3.242568e-06, -0.020152
3.242618e-06, -0.020318
3.242668e-06, -0.020525
3.242718e-06, -0.020774
3.242768e-06, -0.020165
3.242818e-06, -0.018617
3.242868e-06, -0.018617
3.242918e-06, -0.019405
3.242968e-06, -0.018161
3.243018e-06, -0.016999
3.243068e-06, -0.017289
3.243118e-06, -0.016211
3.243168e-06, -0.014870
3.243218e-06, -0.015312
3.243268e-06, -0.014593
3.243318e-06, -0.012464
3.243368e-06, -0.012035
3.243418e-06, -0.011993
3.243468e-06, -0.010555
3.243518e-06, -0.009657
3.243568e-06, -0.009256
3.243618e-06, -0.007901
3.243668e-06, -0.006781
3.243718e-06, -0.006255
3.243768e-06, -0.005135
3.243818e-06, -0.004195
3.243868e-06, -0.003974
3.243918e-06, -0.003116
3.243968e-06, -0.002024
3.244018e-06, -0.001775
3.244068e-06, -0.001208
3.244118e-06, 0.000230
3.244168e-06, 0.000769
3.244218e-06, 0.000382
3.244268e-06, 0.001101
3.244318e-06, 0.002650
3.244368e-06, 0.003161
3.244418e-06, 0.003396
3.244468e-06, 0.004544
3.244518e-06, 0.004959
3.244568e-06, 0.004102
3.244618e-06, 0.004115
3.244668e-06, 0.004931
3.244718e-06, 0.004876
3.244768e-06, 0.005056
3.244818e-06, 0.006120
3.244868e-06, 0.006148
3.244918e-06, 0.005457
3.244968e-06, 0.006162
3.245018e-06, 0.006936
3.245068e-06, 0.006328
3.245118e-06, 0.006715
3.245168e-06, 0.008402
3.245218e-06, 0.007987
3.245268e-06, 0.006273
3.245318e-06, 0.007102
3.245368e-06, 0.008927
3.245418e-06, 0.008430
3.245468e-06, 0.007683
3.245518e-06, 0.008402
3.245568e-06, 0.008167
3.245618e-06, 0.007434
3.245668e-06, 0.008540
3.245718e-06, 0.008996
3.245768e-06, 0.007434
3.245818e-06, 0.007227
3.245868e-06, 0.008153
3.245918e-06, 0.007558
3.245968e-06, 0.007047
3.246018e-06, 0.007213
3.246068e-06, 0.006231
3.246118e-06, 0.006037
3.246168e-06, 0.007310
3.246218e-06, 0.006909
3.246268e-06, 0.005885
3.246318e-06, 0.006134
3.246368e-06, 0.005056
3.246418e-06, 0.003396
3.246468e-06, 0.004254
3.246518e-06, 0.004904
3.246568e-06, 0.003825
3.246618e-06, 0.004129
3.246668e-06, 0.004655
3.246718e-06, 0.003286
3.246768e-06, 0.002912
3.246818e-06, 0.003825
3.246868e-06, 0.003134
3.246918e-06, 0.002332
3.246968e-06, 0.002940
3.247018e-06, 0.002705
3.247068e-06, 0.001792
3.247118e-06, 0.002110
3.247168e-06, 0.002428
3.247218e-06, 0.001806
3.247268e-06, 0.001350
3.247318e-06, 0.001239
3.247368e-06, 0.000963
3.247418e-06, 0.000686
3.247468e-06, 0.000645
3.247518e-06, 0.000534
3.247568e-06, 0.000188
3.247618e-06, 0.000285
3.247668e-06, 0.000907
3.247718e-06, 0.000424
3.247768e-06, -0.001111
3.247818e-06, -0.001098
3.247868e-06, 0.000009
3.247918e-06, -0.000420
3.247968e-06, -0.001208
3.248018e-06, -0.000697
3.248068e-06, -0.000710
3.248118e-06, -0.001498
3.248168e-06, -0.001084
3.248218e-06, -0.000392
3.248268e-06, -0.001042
3.248318e-06, -0.001955
3.248368e-06, -0.002024
3.248418e-06, -0.001374
3.248468e-06, -0.000572
3.248518e-06, -0.000697
3.248568e-06, -0.001374
3.248618e-06, -0.001388
3.248668e-06, -0.001471
3.248718e-06, -0.001734
3.248768e-06, -0.000959
3.248818e-06, -0.000614
3.248868e-06, -0.001498
3.248918e-06, -0.001167
3.248968e-06, -0.000309
3.249018e-06, -0.001084
3.249068e-06, -0.001139
3.249118e-06, -0.000005
3.249168e-06, -0.000779
3.249218e-06, -0.001651
3.249268e-06, -0.000448
3.249318e-06, -0.000752
3.249368e-06, -0.002494
3.249418e-06, -0.001568
3.249468e-06, -0.000143
3.249518e-06, -0.001098
3.249568e-06, -0.001250
3.249618e-06, -0.000116
3.249668e-06, -0.000614
3.249718e-06, -0.001028
3.249768e-06, -0.000033
3.249818e-06, -0.000434
3.249868e-06, -0.001651
3.249918e-06, -0.001388
3.249968e-06, -0.001208
3.250018e-06, -0.001568
3.250068e-06, -0.001070
3.250118e-06, -0.000793
3.250168e-06, -0.001028
3.250218e-06, -0.000475
3.250268e-06, -0.000254
3.250318e-06, -0.000849
3.250368e-06, -0.000489
3.250418e-06, 0.000216
3.250468e-06, -0.000019
3.250518e-06, -0.000254
3.250568e-06, -0.000102
3.250618e-06, 0.000258
3.250668e-06, 0.000714
3.250718e-06, -0.000116
3.250768e-06, -0.001208
3.250818e-06, 0.000036
3.250868e-06, 0.001239
3.250918e-06, 0.000258
3.250968e-06, 0.000424
3.251018e-06, 0.002138
3.251068e-06, 0.001806
3.251118e-06, 0.000728
3.251168e-06, 0.001295
3.251218e-06, 0.001253
3.251268e-06, 0.000341
3.251318e-06, 0.001046
3.251368e-06, 0.001765
3.251418e-06, 0.000728
3.251468e-06, 0.000424
3.251518e-06, 0.001405
3.251568e-06, 0.001391
3.251618e-06, 0.001336
3.251668e-06, 0.002415
3.251718e-06, 0.002041
3.251768e-06, 0.000479
3.251818e-06, 0.001143
3.251868e-06, 0.002511
3.251918e-06, 0.001792
3.251968e-06, 0.001405
3.252018e-06, 0.002415
3.252068e-06, 0.001931
3.252118e-06, 0.000921
3.252168e-06, 0.001709
3.252218e-06, 0.002014
3.252268e-06, 0.001115
3.252318e-06, 0.001599
3.252368e-06, 0.002276
3.252418e-06, 0.001364
3.252468e-06, 0.001281
3.252518e-06, 0.002290
3.252568e-06, 0.002083
3.252618e-06, 0.001668
3.252668e-06, 0.002152
3.252718e-06, 0.002249
3.252768e-06, 0.002041
3.252818e-06, 0.002276
3.252868e-06, 0.002401
3.252918e-06, 0.002276
3.252968e-06, 0.002097
3.253018e-06, 0.001917
3.253068e-06, 0.002276
3.253118e-06, 0.002553
3.253168e-06, 0.001834
3.253218e-06, 0.001281
3.253268e-06, 0.001875
3.253318e-06, 0.003078
3.253368e-06, 0.004323
3.253418e-06, 0.005139
3.253468e-06, 0.005913
3.253518e-06, 0.008402
3.253568e-06, 0.011831
3.253618e-06, 0.013490
3.253668e-06, 0.014652
3.253718e-06, 0.018275
3.253768e-06, 0.022036
3.253818e-06, 0.022506
3.253868e-06, 0.022146
3.253918e-06, 0.023626
3.253968e-06, 0.024621
3.254018e-06, 0.023861
3.254068e-06, 0.023778
3.254118e-06, 0.024732
3.254168e-06, 0.024995
3.254218e-06, 0.024981
3.254268e-06, 0.026087
3.254318e-06, 0.027940
3.254368e-06, 0.029420
3.254418e-06, 0.029986
3.254468e-06, 0.029848
3.254518e-06, 0.029738
3.254568e-06, 0.030083
3.254618e-06, 0.030152
3.254668e-06, 0.029115
3.254718e-06, 0.027926
3.254768e-06, 0.027650
3.254818e-06, 0.027387
3.254868e-06, 0.026433
3.254918e-06, 0.026073
3.254968e-06, 0.026198
3.255018e-06, 0.025603
3.255068e-06, 0.025009
3.255118e-06, 0.024801
3.255168e-06, 0.023612
3.255218e-06, 0.022077
3.255268e-06, 0.021593
3.255318e-06, 0.021068
3.255368e-06, 0.019948
3.255418e-06, 0.019173
3.255468e-06, 0.017943
3.255518e-06, 0.015661
3.255568e-06, 0.014154
3.255618e-06, 0.014126
3.255668e-06, 0.013919
3.255718e-06, 0.012827
3.255768e-06, 0.011776
3.255818e-06, 0.011057
3.255868e-06, 0.010130
3.255918e-06, 0.008789
3.255968e-06, 0.007531
3.256018e-06, 0.006521
3.256068e-06, 0.005609
3.256118e-06, 0.004945
3.256168e-06, 0.003853
3.256218e-06, 0.002055
3.256268e-06, 0.001004
3.256318e-06, 0.000617
3.256368e-06, -0.000710
3.256418e-06, -0.001678
3.256468e-06, -0.001291
3.256518e-06, -0.002010
3.256568e-06, -0.003462
3.256618e-06, -0.003158
3.256668e-06, -0.002964
3.256718e-06, -0.004319
3.256768e-06, -0.004859
3.256818e-06, -0.004734
3.256868e-06, -0.005329
3.256918e-06, -0.005384
3.256968e-06, -0.005135
3.257018e-06, -0.005840
3.257068e-06, -0.006255
3.257118e-06, -0.006034
3.257168e-06, -0.006145
3.257218e-06, -0.006117
3.257268e-06, -0.005799
3.257318e-06, -0.005716
3.257368e-06, -0.005605
3.257418e-06, -0.005661
3.257468e-06, -0.005799
3.257518e-06, -0.005329
3.257568e-06, -0.005011
3.257618e-06, -0.005094
3.257668e-06, -0.004720
3.257718e-06, -0.004706
3.257768e-06, -0.005052
3.257818e-06, -0.004568
3.257868e-06, -0.004651
3.257918e-06, -0.005730
3.257968e-06, -0.005135
3.258018e-06, -0.003863
3.258068e-06, -0.004513
3.258118e-06, -0.004651
3.258168e-06, -0.003172
3.258218e-06, -0.003075
3.258268e-06, -0.003490
3.258318e-06, -0.002287
3.258368e-06, -0.001899
3.258418e-06, -0.002453
3.258468e-06, -0.001485
3.258518e-06, -0.000835
3.258568e-06, -0.001512
3.258618e-06, -0.000973
3.258668e-06, -0.000060
3.258718e-06, -0.000033
3.258768e-06, 0.000921
3.258818e-06, 0.001682
3.258868e-06, 0.000866
3.258918e-06, 0.001170
3.258968e-06, 0.002263
3.259018e-06, 0.001709
3.259068e-06, 0.001433
3.259118e-06, 0.002332
3.259168e-06, 0.002346
3.259218e-06, 0.002594
3.259268e-06, 0.004102
3.259318e-06, 0.004530
3.259368e-06, 0.003618
3.259418e-06, 0.003023
3.259468e-06, 0.002774
3.259518e-06, 0.002664
3.259568e-06, 0.002899
3.259618e-06, 0.003383
3.259668e-06, 0.004088
3.259718e-06, 0.004461
3.259768e-06, 0.004129
3.259818e-06, 0.003839
3.259868e-06, 0.003894
3.259918e-06, 0.003922
3.259968e-06, 0.003977
3.260018e-06, 0.003977
3.260068e-06, 0.003867
3.260118e-06, 0.004019
3.260168e-06, 0.004019
3.260218e-06, 0.003452
3.260268e-06, 0.003120
3.260318e-06, 0.003175
3.260368e-06, 0.003244
3.260418e-06, 0.003590
3.260468e-06, 0.003770
3.260518e-06, 0.003106
3.260568e-06, 0.002664
3.260618e-06, 0.003037
3.260668e-06, 0.003078
3.260718e-06, 0.002802
3.260768e-06, 0.003355
3.260818e-06, 0.003784
3.260868e-06, 0.002885
3.260918e-06, 0.002221
3.260968e-06, 0.002926
3.261018e-06, 0.003493
3.261068e-06, 0.003037
3.261118e-06, 0.002484
3.261168e-06, 0.002346
3.261218e-06, 0.002442
3.261268e-06, 0.002470
3.261318e-06, 0.001958
3.261368e-06, 0.001433
3.261418e-06, 0.001779
3.261468e-06, 0.002401
3.261518e-06, 0.002152
3.261568e-06, 0.001046
3.261618e-06, 0.000645
3.261668e-06, 0.001599
3.261718e-06, 0.001682
3.261768e-06, 0.000230
3.261818e-06, 0.000230
3.261868e-06, 0.001322
3.261918e-06, 0.000742
3.261968e-06, 0.000009
3.262018e-06, 0.000244
3.262068e-06, -0.000448
3.262118e-06, -0.000600
3.262168e-06, 0.000576
3.262218e-06, -0.000116
3.262268e-06, -0.001194
3.262318e-06, 0.000382
3.262368e-06, 0.000963
3.262418e-06, -0.000600
3.262468e-06, 0.000064
3.262518e-06, 0.001433
3.262568e-06, 0.000271
3.262618e-06, -0.000296
3.262668e-06, 0.000631
3.262718e-06, 0.000354
3.262768e-06, 0.000424
3.262818e-06, 0.001419
3.262868e-06, 0.000327
3.262918e-06, -0.001084
3.262968e-06, -0.000033
3.263018e-06, 0.000866
3.263068e-06, 0.000811
3.263118e-06, 0.001654
3.263168e-06, 0.001806
3.263218e-06, 0.000935
3.263268e-06, 0.001626
3.263318e-06, 0.002346
3.263368e-06, 0.001419
3.263418e-06, 0.001488
3.263468e-06, 0.002263
3.263518e-06, 0.001253
3.263568e-06, 0.000520
3.263618e-06, 0.001378
3.263668e-06, 0.001502
3.263718e-06, 0.001060
3.263768e-06, 0.001281
3.263818e-06, 0.000866
3.263868e-06, 0.000244
3.263918e-06, 0.000783
3.263968e-06, 0.000866
3.264018e-06, -0.000088
3.264068e-06, -0.000240
3.264118e-06, 0.000009
3.264168e-06, -0.000365
3.264218e-06, -0.000434
3.264268e-06, -0.000448
3.264318e-06, -0.001125
3.264368e-06, -0.001180
3.264418e-06, -0.000420
3.264468e-06, -0.000088
3.264518e-06, 0.000009
3.264568e-06, -0.000033
3.264618e-06, -0.000544
3.264668e-06, -0.000489
3.264718e-06, 0.000119
3.264768e-06, 0.000009
3.264818e-06, -0.000157
3.264868e-06, 0.000105
3.264918e-06, -0.000102
3.264968e-06, -0.000185
3.265018e-06, 0.000410
3.265068e-06, 0.000576
3.265118e-06, 0.000479
3.265168e-06, 0.000631
3.265218e-06, 0.000078
3.265268e-06, -0.000655
3.265318e-06, -0.000213
3.265368e-06, 0.000299
3.265418e-06, -0.000171
3.265468e-06, -0.000503
3.265518e-06, -0.000143
3.265568e-06, 0.000161
3.265618e-06, 0.000244
3.265668e-06, 0.000645
3.265718e-06, 0.001198
3.265768e-06, 0.001018
3.265818e-06, 0.000506
3.265868e-06, 0.000714
3.265918e-06, 0.000562
3.265968e-06, -0.000586
3.266018e-06, -0.000655
3.266068e-06, 0.000313
3.266118e-06, 0.000078
3.266168e-06, -0.000697
3.266218e-06, -0.000627
3.266268e-06, -0.000531
3.266318e-06, -0.000475
3.266368e-06, -0.000268
3.266418e-06, -0.000600
3.266468e-06, -0.000420
3.266518e-06, 0.000175
3.266568e-06, -0.000738
3.266618e-06, -0.001291
3.266668e-06, 0.000382
3.266718e-06, 0.000797
3.266768e-06, -0.000683
3.266818e-06, -0.000614
3.266868e-06, 0.000064
3.266918e-06, -0.000558
3.266968e-06, -0.000932
3.267018e-06, -0.000849
3.267068e-06, -0.000793
3.267118e-06, -0.000157
3.267168e-06, -0.000226
3.267218e-06, -0.000904
3.267268e-06, -0.000102
3.267318e-06, 0.000354
3.267368e-06, -0.000876
3.267418e-06, -0.000614
3.267468e-06, 0.000894
3.267518e-06, 0.000686
3.267568e-06, 0.000354
3.267618e-06, 0.001239
3.267668e-06, 0.001502
3.267718e-06, 0.001751
3.267768e-06, 0.002857
3.267818e-06, 0.002968
3.267868e-06, 0.002152
3.267918e-06, 0.002180
3.267968e-06, 0.002428
3.268018e-06, 0.002498
3.268068e-06, 0.003341
3.268118e-06, 0.004060
3.268168e-06, 0.003618
3.268218e-06, 0.003203
3.268268e-06, 0.003493
3.268318e-06, 0.003728
3.268368e-06, 0.003936
3.268418e-06, 0.004254
3.268468e-06, 0.004433
3.268518e-06, 0.005208
3.268568e-06, 0.006411
3.268618e-06, 0.006729
3.268668e-06, 0.006950
3.268718e-06, 0.008817
3.268768e-06, 0.011320
3.268818e-06, 0.012993
3.268868e-06, 0.014707
3.268918e-06, 0.017348
3.268968e-06, 0.020515
3.269018e-06, 0.023916
3.269068e-06, 0.027304
3.269118e-06, 0.030512
3.269168e-06, 0.034176
3.269218e-06, 0.038352
3.269268e-06, 0.041961
3.269318e-06, 0.045238
3.269368e-06, 0.048958
3.269418e-06, 0.052069
3.269468e-06, 0.053963
3.269518e-06, 0.055941
3.269568e-06, 0.058305
3.269618e-06, 0.060697
3.269668e-06, 0.063393
3.269718e-06, 0.065592
3.269768e-06, 0.066560
3.269818e-06, 0.068205
3.269868e-06, 0.071289
3.269918e-06, 0.073073
3.269968e-06, 0.072741
3.270018e-06, 0.072990
3.270068e-06, 0.074414
3.270118e-06, 0.075009
3.270168e-06, 0.074829
3.270218e-06, 0.074939
3.270268e-06, 0.074663
3.270318e-06, 0.074041
3.270368e-06, 0.073971
3.270418e-06, 0.073363
3.270468e-06, 0.072298
3.270518e-06, 0.072879
3.270568e-06, 0.073515
3.270618e-06, 0.071911
3.270668e-06, 0.070584
3.270718e-06, 0.070432
3.270768e-06, 0.068482
3.270818e-06, 0.065938
3.270868e-06, 0.065191
3.270918e-06, 0.063905
3.270968e-06, 0.061181
3.271018e-06, 0.059287
3.271068e-06, 0.057780
3.271118e-06, 0.055526
3.271168e-06, 0.053438
3.271218e-06, 0.051502
3.271268e-06, 0.049345
3.271318e-06, 0.047381
3.271368e-06, 0.045155
3.271418e-06, 0.042473
3.271468e-06, 0.040274
3.271518e-06, 0.038145
3.271568e-06, 0.035255
3.271618e-06, 0.032240
3.271668e-06, 0.029378
3.271718e-06, 0.026405
3.271768e-06, 0.023930
3.271818e-06, 0.021801
3.271868e-06, 0.019035
3.271918e-06, 0.016325
3.271968e-06, 0.014431
3.272018e-06, 0.011956
3.272068e-06, 0.008803
3.272118e-06, 0.006508
3.272168e-06, 0.004655
3.272218e-06, 0.002318
3.272268e-06, 0.000396
3.272318e-06, -0.001042
3.272368e-06, -0.002937
3.272418e-06, -0.004942
3.272468e-06, -0.006435
3.272518e-06, -0.007500
3.272568e-06, -0.008537
3.272618e-06, -0.010058
3.272668e-06, -0.011731
3.272718e-06, -0.012920
3.272768e-06, -0.014081
3.272818e-06, -0.015284
3.272868e-06, -0.015865
3.272918e-06, -0.016183
3.272968e-06, -0.016501
3.273018e-06, -0.016792
3.273068e-06, -0.017912
3.273118e-06, -0.019460
3.273168e-06, -0.019875
3.273218e-06, -0.019668
3.273268e-06, -0.020000
3.273318e-06, -0.020414
3.273368e-06, -0.020608
3.273418e-06, -0.020373
3.273468e-06, -0.019585
3.273518e-06, -0.019502
3.273568e-06, -0.020248
3.273618e-06, -0.020165
3.273668e-06, -0.019446
3.273718e-06, -0.019322
3.273768e-06, -0.019225
3.273818e-06, -0.018727
3.273868e-06, -0.018382
3.273918e-06, -0.018133
3.273968e-06, -0.017801
3.274018e-06, -0.017400
3.274068e-06, -0.017068
3.274118e-06, -0.016944
3.274168e-06, -0.016183
3.274218e-06, -0.014870
3.274268e-06, -0.014911
3.274318e-06, -0.015492
3.274368e-06, -0.014095
3.274418e-06, -0.012560
3.274468e-06, -0.012782
3.274518e-06, -0.012201
3.274568e-06, -0.010625
3.274618e-06, -0.010431
3.274668e-06, -0.010113
3.274718e-06, -0.008592
3.274768e-06, -0.008067
3.274818e-06, -0.007831
3.274868e-06, -0.006476
3.274918e-06, -0.005909
3.274968e-06, -0.006020
3.275018e-06, -0.005121
3.275068e-06, -0.004278
3.275118e-06, -0.003573
3.275168e-06, -0.002300
3.275218e-06, -0.001899
3.275268e-06, -0.002204
3.275318e-06, -0.001554
3.275368e-06, -0.000697
3.275418e-06, -0.000130
3.275468e-06, 0.000825
3.275518e-06, 0.001419
3.275568e-06, 0.001640
3.275618e-06, 0.002359
3.275668e-06, 0.002636
3.275718e-06, 0.002000
3.275768e-06, 0.002235
3.275818e-06, 0.003562
3.275868e-06, 0.004226
3.275918e-06, 0.004115
3.275968e-06, 0.004115
3.276018e-06, 0.003991
3.276068e-06, 0.004212
3.276118e-06, 0.005540
3.276168e-06, 0.006148
3.276218e-06, 0.005083
3.276268e-06, 0.004779
3.276318e-06, 0.005802
3.276368e-06, 0.006300
3.276418e-06, 0.006300
3.276468e-06, 0.006093
3.276518e-06, 0.005581
3.276568e-06, 0.006314
3.276618e-06, 0.007572
3.276668e-06, 0.006715
3.276718e-06, 0.005706
3.276768e-06, 0.006839
3.276818e-06, 0.007199
3.276868e-06, 0.006093
3.276918e-06, 0.006369
3.276968e-06, 0.007116
3.277018e-06, 0.006660
3.277068e-06, 0.006383
3.277118e-06, 0.006328
3.277168e-06, 0.005719
3.277218e-06, 0.005609
3.277268e-06, 0.005913
3.277318e-06, 0.005802
3.277368e-06, 0.005747
3.277418e-06, 0.005263
3.277468e-06, 0.004516
3.277518e-06, 0.005194
3.277568e-06, 0.005802
3.277618e-06, 0.004503
3.277668e-06, 0.003963
3.277718e-06, 0.004931
3.277768e-06, 0.004710
3.277818e-06, 0.004392
3.277868e-06, 0.005277
3.277918e-06, 0.004544
3.277968e-06, 0.003023
3.278018e-06, 0.003645
3.278068e-06, 0.003673
3.278118e-06, 0.002138
3.278168e-06, 0.002899
3.278218e-06, 0.003936
3.278268e-06, 0.001834
3.278318e-06, 0.000783
3.278368e-06, 0.002180
3.278418e-06, 0.001668
3.278468e-06, 0.000755
3.278518e-06, 0.002152
3.278568e-06, 0.002166
3.278618e-06, 0.000506
3.278668e-06, 0.001101
3.278718e-06, 0.002097
3.278768e-06, 0.001281
3.278818e-06, 0.001170
3.278868e-06, 0.001378
3.278918e-06, 0.000161
3.278968e-06, -0.000116
3.279018e-06, 0.000755
3.279068e-06, 0.000258
3.279118e-06, -0.000033
3.279168e-06, 0.000645
3.279218e-06, -0.000378
3.279268e-06, -0.001485
3.279318e-06, -0.000116
3.279368e-06, 0.000479
3.279418e-06, -0.000821
3.279468e-06, -0.000544
3.279518e-06, 0.000078
3.279568e-06, -0.001098
3.279618e-06, -0.001236
3.279668e-06, -0.000143
3.279718e-06, -0.000461
3.279768e-06, -0.000600
3.279818e-06, 0.000327
3.279868e-06, -0.000171
3.279918e-06, -0.000959
3.279968e-06, -0.000130
3.280018e-06, 0.000479
3.280068e-06, 0.000354
3.280118e-06, 0.000645
3.280168e-06, 0.000396
3.280218e-06, -0.000434
3.280268e-06, -0.000365
3.280318e-06, 0.000105
3.280368e-06, -0.000033
3.280418e-06, -0.000282
3.280468e-06, -0.000213
3.280518e-06, 0.000175
3.280568e-06, 0.000520
3.280618e-06, 0.000092
3.280668e-06, -0.000392
3.280718e-06, 0.000133
3.280768e-06, 0.000271
3.280818e-06, -0.000572
3.280868e-06, -0.000406
3.280918e-06, 0.000188
3.280968e-06, -0.000697
3.281018e-06, -0.001125
3.281068e-06, 0.000175
3.281118e-06, 0.000465
3.281168e-06, -0.000710
3.281218e-06, -0.000793
3.281268e-06, -0.000143
3.281318e-06, -0.000351
3.281368e-06, -0.000461
3.281418e-06, -0.000033
3.281468e-06, -0.000060
3.281518e-06, -0.000309
3.281568e-06, -0.000240
3.281618e-06, -0.000033
3.281668e-06, 0.000506
3.281718e-06, 0.000907
3.281768e-06, 0.000617
3.281818e-06, 0.000755
3.281868e-06, 0.001226
3.281918e-06, 0.000548
3.281968e-06, -0.000116
3.282018e-06, 0.000589
3.282068e-06, 0.001253
3.282118e-06, 0.001599
3.282168e-06, 0.002193
3.282218e-06, 0.001875
3.282268e-06, 0.001101
3.282318e-06, 0.001585
3.282368e-06, 0.002000
3.282418e-06, 0.001461
3.282468e-06, 0.001723
3.282518e-06, 0.002608
3.282568e-06, 0.002719
3.282618e-06, 0.002747
3.282668e-06, 0.002705
3.282718e-06, 0.001889
3.282768e-06, 0.001613
3.282818e-06, 0.002207
3.282868e-06, 0.002180
3.282918e-06, 0.001779
3.282968e-06, 0.001682
3.283018e-06, 0.001723
3.283068e-06, 0.002152
3.283118e-06, 0.002124
3.283168e-06, 0.001184
3.283218e-06, 0.001447
3.283268e-06, 0.002622
3.283318e-06, 0.002415
3.283368e-06, 0.001917
3.283418e-06, 0.001917
3.283468e-06, 0.000852
3.283518e-06, 0.000368
3.283568e-06, 0.002083
3.283618e-06, 0.003009
3.283668e-06, 0.001848
3.283718e-06, 0.001295
3.283768e-06, 0.002000
3.283818e-06, 0.002636
3.283868e-06, 0.002705
3.283918e-06, 0.001972
3.283968e-06, 0.001350
3.284018e-06, 0.002138
3.284068e-06, 0.002982
3.284118e-06, 0.002567
3.284168e-06, 0.002470
3.284218e-06, 0.003148
3.284268e-06, 0.003341
3.284318e-06, 0.003217
3.284368e-06, 0.003106
3.284418e-06, 0.002899
3.284468e-06, 0.003327
3.284518e-06, 0.004143
3.284568e-06, 0.004226
3.284618e-06, 0.004613
3.284668e-06, 0.006480
3.284718e-06, 0.008264
3.284768e-06, 0.009135
3.284818e-06, 0.011001
3.284868e-06, 0.014527
3.284918e-06, 0.017569
3.284968e-06, 0.019146
3.285018e-06, 0.020598
3.285068e-06, 0.021953
3.285118e-06, 0.022105
3.285168e-06, 0.022091
3.285218e-06, 0.022686
3.285268e-06, 0.022409
3.285318e-06, 0.021607
3.285368e-06, 0.022271
3.285418e-06, 0.023349
3.285468e-06, 0.023170
3.285518e-06, 0.023391
3.285568e-06, 0.025119
3.285618e-06, 0.026585
3.285668e-06, 0.026668
3.285718e-06, 0.026474
3.285768e-06, 0.026931
3.285818e-06, 0.027816
3.285868e-06, 0.028078
3.285918e-06, 0.026806
3.285968e-06, 0.024912
3.286018e-06, 0.024442
3.286068e-06, 0.024967
3.286118e-06, 0.024179
3.286168e-06, 0.022686
3.286218e-06, 0.022561
3.286268e-06, 0.022907
3.286318e-06, 0.022395
3.286368e-06, 0.022036
3.286418e-06, 0.021967
3.286468e-06, 0.021082
3.286518e-06, 0.020183
3.286568e-06, 0.019644
3.286618e-06, 0.018095
3.286668e-06, 0.016201
3.286718e-06, 0.015454
3.286768e-06, 0.014569
3.286818e-06, 0.013214
3.286868e-06, 0.012979
3.286918e-06, 0.012481
3.286968e-06, 0.010338
3.287018e-06, 0.009079
3.287068e-06, 0.009024
3.287118e-06, 0.007683
3.287168e-06, 0.006397
3.287218e-06, 0.006770
3.287268e-06, 0.006134
3.287318e-06, 0.004102
3.287368e-06, 0.003369
3.287418e-06, 0.003092
3.287468e-06, 0.001129
3.287518e-06, -0.000890
3.287568e-06, -0.001236
3.287618e-06, -0.000918
3.287668e-06, -0.000779
3.287718e-06, -0.001070
3.287768e-06, -0.002107
3.287818e-06, -0.003185
3.287868e-06, -0.003517
3.287918e-06, -0.003600
3.287968e-06, -0.003725
3.288018e-06, -0.003918
3.288068e-06, -0.004375
3.288118e-06, -0.004554
3.288168e-06, -0.004499
3.288218e-06, -0.004831
3.288268e-06, -0.004776
3.288318e-06, -0.004388
3.288368e-06, -0.004886
3.288418e-06, -0.005080
3.288468e-06, -0.004375
3.288518e-06, -0.004471
3.288568e-06, -0.004859
3.288618e-06, -0.004527
3.288668e-06, -0.004637
3.288718e-06, -0.004748
3.288768e-06, -0.004153
3.288818e-06, -0.004347
3.288868e-06, -0.004914
3.288918e-06, -0.004582
3.288968e-06, -0.004499
3.289018e-06, -0.004623
3.289068e-06, -0.004222
3.289118e-06, -0.004292
3.289168e-06, -0.004305
3.289218e-06, -0.003711
3.289268e-06, -0.004319
3.289318e-06, -0.004886
3.289368e-06, -0.003144
3.289418e-06, -0.002052
3.289468e-06, -0.003503
3.289518e-06, -0.003932
3.289568e-06, -0.002162
3.289618e-06, -0.001360
3.289668e-06, -0.002245
3.289718e-06, -0.002383
3.289768e-06, -0.000959
3.289818e-06, -0.000102
3.289868e-06, -0.000586
3.289918e-06, -0.000434
3.289968e-06, 0.000728
3.290018e-06, 0.001226
3.290068e-06, 0.001391
3.290118e-06, 0.002180
3.290168e-06, 0.002359
3.290218e-06, 0.001931
3.290268e-06, 0.002553
3.290318e-06, 0.003258
3.290368e-06, 0.002567
3.290418e-06, 0.002138
3.290468e-06, 0.002995
3.290518e-06, 0.003369
3.290568e-06, 0.002899
3.290618e-06, 0.002760
3.290668e-06, 0.002802
3.290718e-06, 0.002664
3.290768e-06, 0.002995
3.290818e-06, 0.003300
3.290868e-06, 0.002968
3.290918e-06, 0.002912
3.290968e-06, 0.003189
3.291018e-06, 0.003078
3.291068e-06, 0.003369
3.291118e-06, 0.003714
3.291168e-06, 0.002650
3.291218e-06, 0.001931
3.291268e-06, 0.002912
3.291318e-06, 0.002871
3.291368e-06, 0.001917
3.291418e-06, 0.003244
3.291468e-06, 0.004447
3.291518e-06, 0.002636
3.291568e-06, 0.001986
3.291618e-06, 0.003811
3.291668e-06, 0.003134
3.291718e-06, 0.001032
3.291768e-06, 0.002207
3.291818e-06, 0.003673
3.291868e-06, 0.002207
3.291918e-06, 0.001488
3.291968e-06, 0.002207
3.292018e-06, 0.001626
3.292068e-06, 0.001613
3.292118e-06, 0.002857
3.292168e-06, 0.002276
3.292218e-06, 0.001308
3.292268e-06, 0.002249
3.292318e-06, 0.002110
3.292368e-06, 0.000465
3.292418e-06, 0.000368
3.292468e-06, 0.000880
3.292518e-06, 0.000852
3.292568e-06, 0.001322
3.292618e-06, 0.000907
3.292668e-06, -0.000641
3.292718e-06, -0.000420
3.292768e-06, 0.000506
3.292818e-06, -0.000351
3.292868e-06, -0.000973
3.292918e-06, -0.000268
3.292968e-06, -0.000060
3.293018e-06, -0.000185
3.293068e-06, -0.000005
3.293118e-06, -0.000102
3.293168e-06, -0.000033
3.293218e-06, 0.000534
3.293268e-06, 0.000506
3.293318e-06, -0.000019
3.293368e-06, -0.000060
3.293418e-06, 0.000078
3.293468e-06, -0.000213
3.293518e-06, -0.000434
3.293568e-06, -0.000005
3.293618e-06, 0.000465
3.293668e-06, 0.000230
3.293718e-06, 0.000078
3.293768e-06, 0.000479
3.293818e-06, 0.000520
3.293868e-06, 0.000534
3.293918e-06, 0.001143
3.293968e-06, 0.001350
3.294018e-06, 0.001378
3.294068e-06, 0.002207
3.294118e-06, 0.002138
3.294168e-06, 0.000990
3.294218e-06, 0.001336
3.294268e-06, 0.002263
3.294318e-06, 0.001502
3.294368e-06, 0.001060
3.294418e-06, 0.001889
3.294468e-06, 0.001765
3.294518e-06, 0.001433
3.294568e-06, 0.002608
3.294618e-06, 0.003258
3.294668e-06, 0.002124
3.294718e-06, 0.001198
3.294768e-06, 0.001322
3.294818e-06, 0.001640
3.294868e-06, 0.001613
3.294918e-06, 0.001143
3.294968e-06, 0.000852
3.295018e-06, 0.001295
3.295068e-06, 0.001516
3.295118e-06, 0.001004
3.295168e-06, 0.000659
3.295218e-06, 0.000506
3.295268e-06, 0.000161
3.295318e-06, 0.000382
3.295368e-06, 0.001004
3.295418e-06, 0.000783
3.295468e-06, 0.000354
3.295518e-06, 0.000562
3.295568e-06, 0.000465
3.295618e-06, 0.000451
3.295668e-06, 0.001073
3.295718e-06, 0.000700
3.295768e-06, -0.000296
3.295818e-06, 0.000493
3.295868e-06, 0.001447
3.295918e-06, 0.000465
3.295968e-06, -0.000033
3.296018e-06, 0.000769
3.296068e-06, 0.000589
3.296118e-06, 0.000105
3.296168e-06, 0.000548
3.296218e-06, 0.000341
3.296268e-06, -0.000296
3.296318e-06, 0.000230
3.296368e-06, 0.000742
3.296418e-06, 0.000437
3.296468e-06, 0.000451
3.296518e-06, 0.000437
3.296568e-06, -0.000185
3.296618e-06, -0.000254
3.296668e-06, 0.000133
3.296718e-06, 0.000105
3.296768e-06, 0.000258
3.296818e-06, 0.000327
3.296868e-06, -0.000378
3.296918e-06, -0.000130
3.296968e-06, 0.000880
3.297018e-06, -0.000019
3.297068e-06, -0.001388
3.297118e-06, -0.000517
3.297168e-06, 0.000175
3.297218e-06, -0.000835
3.297268e-06, -0.000918
3.297318e-06, -0.000005
3.297368e-06, -0.000448
3.297418e-06, -0.001180
3.297468e-06, -0.000572
3.297518e-06, -0.000157
3.297568e-06, -0.000918
3.297618e-06, -0.001305
3.297668e-06, -0.000655
3.297718e-06, -0.000130
3.297768e-06, -0.000171
3.297818e-06, -0.000254
3.297868e-06, -0.000254
3.297918e-06, -0.000531
3.297968e-06, -0.001001
3.298018e-06, -0.000890
3.298068e-06, -0.000130
3.298118e-06, -0.000060
3.298168e-06, -0.000586
3.298218e-06, 0.000092
3.298268e-06, 0.000852
3.298318e-06, -0.000406
3.298368e-06, -0.001457
3.298418e-06, -0.000572
3.298468e-06, -0.000157
3.298518e-06, -0.000627
3.298568e-06, -0.000005
3.298618e-06, 0.000714
3.298668e-06, 0.000424
3.298718e-06, 0.000617
3.298768e-06, 0.001295
3.298818e-06, 0.001156
3.298868e-06, 0.000852
3.298918e-06, 0.001461
3.298968e-06, 0.002235
3.299018e-06, 0.001986
3.299068e-06, 0.001391
3.299118e-06, 0.001765
3.299168e-06, 0.002553
3.299218e-06, 0.002691
3.299268e-06, 0.002816
3.299318e-06, 0.003148
3.299368e-06, 0.003300
3.299418e-06, 0.003535
3.299468e-06, 0.003493
3.299518e-06, 0.003175
3.299568e-06, 0.003908
3.299618e-06, 0.004821
3.299668e-06, 0.004572
3.299718e-06, 0.005028
3.299768e-06, 0.006355
3.299818e-06, 0.005789
3.299868e-06, 0.004738
3.299918e-06, 0.006273
3.299968e-06, 0.008596
3.300018e-06, 0.009854
3.300068e-06, 0.011402
3.300118e-06, 0.013076
3.300168e-06, 0.014458
3.300218e-06, 0.017431
3.300268e-06, 0.021897
3.300318e-06, 0.025562
3.300368e-06, 0.028866
3.300418e-06, 0.032558
3.300468e-06, 0.035365
3.300518e-06, 0.037785
3.300568e-06, 0.040965
3.300618e-06, 0.043648
3.300668e-06, 0.045653
3.300718e-06, 0.048460
3.300768e-06, 0.050907
3.300818e-06, 0.052041
3.300868e-06, 0.053936
3.300918e-06, 0.056397
3.300968e-06, 0.057240
3.301018e-06, 0.057641
3.301068e-06, 0.058983
3.301118e-06, 0.060061
3.301168e-06, 0.061070
3.301218e-06, 0.062813
3.301268e-06, 0.063490
3.301318e-06, 0.062923
3.301368e-06, 0.063214
3.301418e-06, 0.063463
3.301468e-06, 0.062260
3.301518e-06, 0.061264
3.301568e-06, 0.061153
3.301618e-06, 0.060780
3.301668e-06, 0.060130
3.301718e-06, 0.059079
3.301768e-06, 0.057945
3.301818e-06, 0.057932
3.301868e-06, 0.057392
3.301918e-06, 0.054862
3.301968e-06, 0.053064
3.302018e-06, 0.052705
3.302068e-06, 0.051239
3.302118e-06, 0.049635
3.302168e-06, 0.049096
3.302218e-06, 0.047119
3.302268e-06, 0.044090
3.302318e-06, 0.042514
3.302368e-06, 0.040924
3.302418e-06, 0.038186
3.302468e-06, 0.036361
3.302518e-06, 0.035130
3.302568e-06, 0.032821
3.302618e-06, 0.030595
3.302668e-06, 0.029226
3.302718e-06, 0.027387
3.302768e-06, 0.024912
3.302818e-06, 0.022713
3.302868e-06, 0.020819
3.302918e-06, 0.018925
3.302968e-06, 0.016754
3.303018e-06, 0.014292
3.303068e-06, 0.012232
3.303118e-06, 0.010697
3.303168e-06, 0.008540
3.303218e-06, 0.005858
3.303268e-06, 0.004226
3.303318e-06, 0.003631
3.303368e-06, 0.002387
3.303418e-06, 0.000133
3.303468e-06, -0.002024
3.303518e-06, -0.003656
3.303568e-06, -0.004928
3.303618e-06, -0.006075
3.303668e-06, -0.007292
3.303718e-06, -0.008329
3.303768e-06, -0.008965
3.303818e-06, -0.009795
3.303868e-06, -0.011219
3.303918e-06, -0.012339
3.303968e-06, -0.012809
3.304018e-06, -0.013487
3.304068e-06, -0.014206
3.304118e-06, -0.014192
3.304168e-06, -0.014330
3.304218e-06, -0.014994
3.304268e-06, -0.014980
3.304318e-06, -0.015008
3.304368e-06, -0.015907
3.304418e-06, -0.015851
3.304468e-06, -0.014690
3.304518e-06, -0.014469
3.304568e-06, -0.014704
3.304618e-06, -0.014455
3.304668e-06, -0.014690
3.304718e-06, -0.014676
3.304768e-06, -0.013915
3.304818e-06, -0.013985
3.304868e-06, -0.014123
3.304918e-06, -0.012851
3.304968e-06, -0.012229
3.305018e-06, -0.012989
3.305068e-06, -0.012574
3.305118e-06, -0.011150
3.305168e-06, -0.011205
3.305218e-06, -0.012076
3.305268e-06, -0.012049
3.305318e-06, -0.011592
3.305368e-06, -0.011067
3.305418e-06, -0.010210
3.305468e-06, -0.009919
3.305518e-06, -0.010182
3.305568e-06, -0.009449
3.305618e-06, -0.007707
3.305668e-06, -0.006628
3.305718e-06, -0.006711
3.305768e-06, -0.006864
3.305818e-06, -0.006200
3.305868e-06, -0.005135
3.305918e-06, -0.004665
3.305968e-06, -0.004513
3.306018e-06, -0.004015
3.306068e-06, -0.003545
3.306118e-06, -0.002867
3.306168e-06, -0.001416
3.306218e-06, -0.000669
3.306268e-06, -0.001098
3.306318e-06, -0.001015
3.306368e-06, -0.000351
3.306418e-06, 0.000078
3.306468e-06, 0.000465
3.306518e-06, 0.000465
3.306568e-06, 0.000686
3.306618e-06, 0.002110
3.306668e-06, 0.002885
3.306718e-06, 0.002387
3.306768e-06, 0.002871
3.306818e-06, 0.003300
3.306868e-06, 0.001972
3.306918e-06, 0.001751
3.306968e-06, 0.003092
3.307018e-06, 0.003078
3.307068e-06, 0.002691
3.307118e-06, 0.003092
3.307168e-06, 0.002539
3.307218e-06, 0.002608
3.307268e-06, 0.004682
3.307318e-06, 0.005056
3.307368e-06, 0.003438
3.307418e-06, 0.003784
3.307468e-06, 0.004876
3.307518e-06, 0.004226
3.307568e-06, 0.004102
3.307618e-06, 0.005042
3.307668e-06, 0.004848
3.307718e-06, 0.004447
3.307768e-06, 0.005194
3.307818e-06, 0.005567
3.307868e-06, 0.005166
3.307918e-06, 0.005249
3.307968e-06, 0.005609
3.308018e-06, 0.005401
3.308068e-06, 0.004751
3.308118e-06, 0.004378
3.308168e-06, 0.005014
3.308218e-06, 0.005913
3.308268e-06, 0.005277
3.308318e-06, 0.004240
3.308368e-06, 0.005111
3.308418e-06, 0.005927
3.308468e-06, 0.004544
3.308518e-06, 0.003839
3.308568e-06, 0.004959
3.308618e-06, 0.004890
3.308668e-06, 0.004115
3.308718e-06, 0.004627
3.308768e-06, 0.004475
3.308818e-06, 0.003148
3.308868e-06, 0.003148
3.308918e-06, 0.003894
3.308968e-06, 0.003452
3.309018e-06, 0.002816
3.309068e-06, 0.002885
3.309118e-06, 0.002829
3.309168e-06, 0.002553
3.309218e-06, 0.002415
3.309268e-06, 0.002415
3.309318e-06, 0.002539
3.309368e-06, 0.002152
3.309418e-06, 0.001226
3.309468e-06, 0.001253
3.309518e-06, 0.001972
3.309568e-06, 0.001544
3.309618e-06, 0.001018
3.309668e-06, 0.001931
3.309718e-06, 0.002235
3.309768e-06, 0.001212
3.309818e-06, 0.001004
3.309868e-06, 0.001226
3.309918e-06, 0.000755
3.309968e-06, 0.000755
3.310018e-06, 0.000686
3.310068e-06, 0.000009
3.310118e-06, 0.000479
3.310168e-06, 0.001073
3.310218e-06, 0.000258
3.310268e-06, 0.000465
3.310318e-06, 0.001544
3.310368e-06, 0.000769
3.310418e-06, -0.000060
3.310468e-06, 0.000783
3.310518e-06, 0.000852
3.310568e-06, 0.000161
3.310618e-06, 0.000451
3.310668e-06, 0.000506
3.310718e-06, -0.000130
3.310768e-06, -0.000337
3.310818e-06, -0.000434
3.310868e-06, -0.000365
3.310918e-06, 0.000437
3.310968e-06, 0.000603
3.311018e-06, -0.000461
3.311068e-06, -0.000973
3.311118e-06, -0.000531
3.311168e-06, -0.000420
3.311218e-06, -0.000614
3.311268e-06, -0.000392
3.311318e-06, -0.000033
3.311368e-06, -0.000351
3.311418e-06, -0.001001
3.311468e-06, -0.000835
3.311518e-06, -0.000005
3.311568e-06, 0.000230
3.311618e-06, 0.000451
3.311668e-06, 0.001378
3.311718e-06, 0.001060
3.311768e-06, -0.000420
3.311818e-06, 0.000036
3.311868e-06, 0.001433
3.311918e-06, 0.000506
3.311968e-06, -0.000503
3.312018e-06, 0.000797
3.312068e-06, 0.001447
3.312118e-06, 0.000341
3.312168e-06, 0.000258
3.312218e-06, 0.000935
3.312268e-06, 0.000271
3.312318e-06, -0.000752
3.312368e-06, -0.000821
3.312418e-06, -0.000448
3.312468e-06, 0.000092
3.312518e-06, 0.000368
3.312568e-06, -0.000143
3.312618e-06, -0.000240
3.312668e-06, 0.000603
3.312718e-06, 0.000603
3.312768e-06, -0.000448
3.312818e-06, -0.000420
3.312868e-06, 0.000548
3.312918e-06, 0.000258
3.312968e-06, -0.000862
3.313018e-06, -0.000627
3.313068e-06, 0.000645
3.313118e-06, 0.001281
3.313168e-06, 0.001156
3.313218e-06, 0.000341
3.313268e-06, -0.000779
3.313318e-06, -0.000392
3.313368e-06, 0.001295
3.313418e-06, 0.001364
3.313468e-06, 0.000119
3.313518e-06, 0.000244
3.313568e-06, 0.000977
3.313618e-06, 0.000576
3.313668e-06, 0.000133
3.313718e-06, 0.000645
3.313768e-06, 0.001170
3.313818e-06, 0.000977
3.313868e-06, 0.000576
3.313918e-06, 0.000631
3.313968e-06, 0.000990
3.314018e-06, 0.001502
3.314068e-06, 0.002124
3.314118e-06, 0.001903
3.314168e-06, 0.001184
3.314218e-06, 0.001668
3.314268e-06, 0.002221
3.314318e-06, 0.001253
3.314368e-06, 0.000672
3.314418e-06, 0.001281
3.314468e-06, 0.001447
3.314518e-06, 0.001516
3.314568e-06, 0.001751
3.314618e-06, 0.001060
3.314668e-06, 0.000825
3.314718e-06, 0.001474
3.314768e-06, 0.000825
3.314818e-06, 0.000147
3.314868e-06, 0.001336
3.314918e-06, 0.001765
3.314968e-06, 0.000728
3.315018e-06, 0.001060
3.315068e-06, 0.002027
3.315118e-06, 0.001364
3.315168e-06, 0.000603
3.315218e-06, 0.001530
3.315268e-06, 0.002511
3.315318e-06, 0.001958
3.315368e-06, 0.001405
3.315418e-06, 0.002083
3.315468e-06, 0.002000
3.315518e-06, 0.000755
3.315568e-06, 0.000797
3.315618e-06, 0.001696
3.315668e-06, 0.001433
3.315718e-06, 0.001295
3.315768e-06, 0.002110
3.315818e-06, 0.002511
3.315868e-06, 0.003230
3.315918e-06, 0.005235
3.315968e-06, 0.007033
3.316018e-06, 0.008554
3.316068e-06, 0.011237
3.316118e-06, 0.014375
3.316168e-06, 0.016754
3.316218e-06, 0.018800
3.316268e-06, 0.020708
3.316318e-06, 0.022188
3.316368e-06, 0.023253
3.316418e-06, 0.023598
3.316468e-06, 0.023349
3.316518e-06, 0.023266
3.316568e-06, 0.023059
3.316618e-06, 0.022769
3.316668e-06, 0.023667
3.316718e-06, 0.025147
3.316768e-06, 0.025659
3.316818e-06, 0.026060
3.316868e-06, 0.027138
3.316918e-06, 0.027857
3.316968e-06, 0.028300
3.317018e-06, 0.029032
3.317068e-06, 0.029005
3.317118e-06, 0.028203
3.317168e-06, 0.027594
3.317218e-06, 0.026723
3.317268e-06, 0.026004
3.317318e-06, 0.026225
3.317368e-06, 0.025811
3.317418e-06, 0.024345
3.317468e-06, 0.024068
3.317518e-06, 0.024760
3.317568e-06, 0.024442
3.317618e-06, 0.023418
3.317668e-06, 0.022644
3.317718e-06, 0.022146
3.317768e-06, 0.021344
3.317818e-06, 0.019381
3.317868e-06, 0.017514
3.317918e-06, 0.017722
3.317968e-06, 0.017846
3.318018e-06, 0.015509
3.318068e-06, 0.013255
3.318118e-06, 0.012910
3.318168e-06, 0.012412
3.318218e-06, 0.011306
3.318268e-06, 0.011015
3.318318e-06, 0.010711
3.318368e-06, 0.009121
3.318418e-06, 0.007393
3.318468e-06, 0.006729
3.318518e-06, 0.006259
3.318568e-06, 0.005222
3.318618e-06, 0.004240
3.318668e-06, 0.003383
3.318718e-06, 0.002428
3.318768e-06, 0.001516
3.318818e-06, 0.000327
3.318868e-06, -0.001125
3.318918e-06, -0.001678
3.318968e-06, -0.001609
3.319018e-06, -0.002314
3.319068e-06, -0.002992
3.319118e-06, -0.002826
3.319168e-06, -0.003199
3.319218e-06, -0.003974
3.319268e-06, -0.003752
3.319318e-06, -0.003683
3.319368e-06, -0.004388
3.319418e-06, -0.004347
3.319468e-06, -0.004527
3.319518e-06, -0.006020
3.319568e-06, -0.006518
3.319618e-06, -0.005716
3.319668e-06, -0.006006
3.319718e-06, -0.006463
3.319768e-06, -0.005481
3.319818e-06, -0.005121
3.319868e-06, -0.005854
3.319918e-06, -0.005412
3.319968e-06, -0.004541
3.320018e-06, -0.004872
3.320068e-06, -0.005149
3.320118e-06, -0.004997
3.320168e-06, -0.005384
3.320218e-06, -0.005107
3.320268e-06, -0.003987
3.320318e-06, -0.004001
3.320368e-06, -0.004458
3.320418e-06, -0.004292
3.320468e-06, -0.004554
3.320518e-06, -0.004222
3.320568e-06, -0.002549
3.320618e-06, -0.002273
3.320668e-06, -0.002978
3.320718e-06, -0.001830
3.320768e-06, -0.000779
3.320818e-06, -0.001374
3.320868e-06, -0.001277
3.320918e-06, -0.000876
3.320968e-06, -0.001125
3.321018e-06, -0.000116
3.321068e-06, 0.000907
3.321118e-06, -0.000199
3.321168e-06, -0.000683
3.321218e-06, 0.000672
3.321268e-06, 0.001433
3.321318e-06, 0.001696
3.321368e-06, 0.002166
3.321418e-06, 0.002027
3.321468e-06, 0.002249
3.321518e-06, 0.002926
3.321568e-06, 0.002456
3.321618e-06, 0.001862
3.321668e-06, 0.002138
3.321718e-06, 0.002539
3.321768e-06, 0.003175
3.321818e-06, 0.003369
3.321868e-06, 0.002415
3.321918e-06, 0.002484
3.321968e-06, 0.003452
3.322018e-06, 0.002995
3.322068e-06, 0.002664
3.322118e-06, 0.003631
3.322168e-06, 0.003604
3.322218e-06, 0.003217
3.322268e-06, 0.004350
3.322318e-06, 0.004682
3.322368e-06, 0.003230
3.322418e-06, 0.002581
3.322468e-06, 0.002968
3.322518e-06, 0.003120
3.322568e-06, 0.003341
3.322618e-06, 0.003549
3.322668e-06, 0.003452
3.322718e-06, 0.003203
3.322768e-06, 0.002940
3.322818e-06, 0.003258
3.322868e-06, 0.003853
3.322918e-06, 0.003341
3.322968e-06, 0.002899
3.323018e-06, 0.003507
3.323068e-06, 0.002747
3.323118e-06, 0.001156
3.323168e-06, 0.001834
3.323218e-06, 0.002912
3.323268e-06, 0.002359
3.323318e-06, 0.002263
3.323368e-06, 0.002622
3.323418e-06, 0.002083
3.323468e-06, 0.002152
3.323518e-06, 0.002442
3.323568e-06, 0.001239
3.323618e-06, 0.000728
3.323668e-06, 0.002014
3.323718e-06, 0.002359
3.323768e-06, 0.001364
3.323818e-06, 0.001198
3.323868e-06, 0.001834
3.323918e-06, 0.002069
3.323968e-06, 0.001917
3.324018e-06, 0.001585
3.324068e-06, 0.001184
3.324118e-06, 0.001226
3.324168e-06, 0.001737
3.324218e-06, 0.001709
3.324268e-06, 0.001004
3.324318e-06, 0.000659
3.324368e-06, 0.000963
3.324418e-06, 0.001170
3.324468e-06, 0.001129
3.324518e-06, 0.000935
3.324568e-06, 0.000645
3.324618e-06, 0.000603
3.324668e-06, 0.000811
3.324718e-06, 0.000811
3.324768e-06, 0.000451
3.324818e-06, -0.000199
3.324868e-06, -0.000572
3.324918e-06, 0.000202
3.324968e-06, 0.001156
3.325018e-06, 0.001046
3.325068e-06, 0.000783
3.325118e-06, 0.001073
3.325168e-06, 0.000866
3.325218e-06, 0.000562
3.325268e-06, 0.001226
3.325318e-06, 0.001308
3.325368e-06, 0.000216
3.325418e-06, 0.000299
3.325468e-06, 0.001336
3.325518e-06, 0.001018
3.325568e-06, 0.000645
3.325618e-06, 0.001530
3.325668e-06, 0.001654
3.325718e-06, 0.001073
3.325768e-06, 0.001530
3.325818e-06, 0.001972
3.325868e-06, 0.001737
3.325918e-06, 0.001751
3.325968e-06, 0.001530
3.326018e-06, 0.001115
3.326068e-06, 0.001544
3.326118e-06, 0.001682
3.326168e-06, 0.000921
3.326218e-06, 0.000921
3.326268e-06, 0.001571
3.326318e-06, 0.001336
3.326368e-06, 0.000866
3.326418e-06, 0.001129
3.326468e-06, 0.001433
3.326518e-06, 0.001115
3.326568e-06, 0.000451
3.326618e-06, 0.000009
3.326668e-06, 0.000050
3.326718e-06, 0.000327
3.326768e-06, 0.000783
3.326818e-06, 0.000894
3.326868e-06, 0.000009
